0.000000000000000000e+00 6.533104080566346505e-01
5.005005005005004962e-04 6.925453368351519590e-01
1.001001001001000992e-03 -1.175207127383854633e-01
1.501501501501501488e-03 3.717344194945351177e-01
2.002002002002001985e-03 3.748996483567614835e-01
2.502502502502502481e-03 -2.410059229681160708e-01
3.003003003003002977e-03 -3.114354495364016207e-01
3.503503503503503473e-03 4.815094002218818225e-01
4.004004004004003969e-03 7.079959994581087601e-01
4.504504504504504465e-03 7.431889819939932473e-02
5.005005005005004962e-03 -1.811355619495722269e-01
5.505505505505505458e-03 2.779887005005918788e-01
6.006006006006005954e-03 -1.965758299954137867e-01
6.506506506506506450e-03 3.314948649492314159e-01
7.007007007007006946e-03 8.260341484995709083e-02
7.507507507507507442e-03 5.390136219958390207e-01
8.008008008008007939e-03 1.125274912424821527e-01
8.508508508508507567e-03 1.136053993364913028e-01
9.009009009009008931e-03 7.391629090105070743e-01
9.509509509509510294e-03 1.204148924519359287e-01
1.001001001001000992e-02 -2.009257915484572998e-01
1.051051051051050955e-02 4.394975593700486960e-02
1.101101101101101092e-02 -4.783202218780480131e-02
1.151151151151151228e-02 7.547467794744938674e-03
1.201201201201201191e-02 1.168339360547670375e-01
1.251251251251251154e-02 2.548004008228164086e-01
1.301301301301301290e-02 1.834118975124304773e-01
1.351351351351351426e-02 9.533202324684648676e-01
1.401401401401401389e-02 2.019981308035691536e-01
1.451451451451451352e-02 1.359751912090520487e-01
1.501501501501501488e-02 7.603315507595900802e-02
1.551551551551551625e-02 -2.362461383691076833e-01
1.601601601601601588e-02 7.406409234367823391e-01
1.651651651651651551e-02 1.007260939793953147e+00
1.701701701701701513e-02 1.671833990506123024e-01
1.751751751751751823e-02 3.623593716441752544e-01
1.801801801801801786e-02 -6.747259796783394714e-02
1.851851851851851749e-02 3.720887703108700095e-01
1.901901901901902059e-02 7.992722518220842787e-01
1.951951951951952022e-02 4.091979343759575283e-01
2.002002002002001985e-02 4.030161414718358981e-01
2.052052052052051948e-02 -1.276325987756732339e-01
2.102102102102101910e-02 -8.010322947238318614e-02
2.152152152152152220e-02 -1.601590425183455624e-01
2.202202202202202183e-02 4.511284899058427555e-01
2.252252252252252146e-02 6.610321890229986508e-02
2.302302302302302456e-02 1.939529767298434348e-01
2.352352352352352419e-02 1.992315135557996275e-01
2.402402402402402382e-02 2.994807414314786254e-01
2.452452452452452344e-02 6.571171860875746340e-01
2.502502502502502307e-02 3.902422465272987195e-01
2.552552552552552617e-02 3.453254680722055991e-01
2.602602602602602580e-02 8.459495029238439656e-02
2.652652652652652543e-02 7.447268665844724023e-01
2.702702702702702853e-02 5.178020782017815904e-01
2.752752752752752816e-02 1.051037708844666740e+00
2.802802802802802778e-02 2.782805153180842872e-01
2.852852852852852741e-02 8.388316922980030288e-01
2.902902902902902704e-02 3.628400908888057552e-01
2.952952952952953014e-02 8.123778917719226556e-02
3.003003003003002977e-02 -1.001903217512789546e-01
3.053053053053052940e-02 8.137155651606264861e-01
3.103103103103103250e-02 6.404583664203619131e-01
3.153153153153152866e-02 -1.962588294880750484e-01
3.203203203203203175e-02 1.207041465705515293e+00
3.253253253253253485e-02 1.016814523277986160e+00
3.303303303303303101e-02 1.928369425230680445e-02
3.353353353353353411e-02 8.207603902564100107e-01
3.403403403403403027e-02 2.138883654391456335e-01
3.453453453453453337e-02 4.959718331807999592e-01
3.503503503503503647e-02 1.159505489434237369e+00
3.553553553553553263e-02 4.585512502057691453e-01
3.603603603603603572e-02 1.746773694334770588e-01
3.653653653653653882e-02 4.950054042139769850e-01
3.703703703703703498e-02 4.920613103412766476e-01
3.753753753753753808e-02 1.198887239348979561e+00
3.803803803803804118e-02 4.534188465090198683e-01
3.853853853853853734e-02 1.136052126170540522e+00
3.903903903903904044e-02 6.596853183596642634e-01
3.953953953953953659e-02 3.532436347483551287e-01
4.004004004004003969e-02 8.976621047270124665e-01
4.054054054054054279e-02 5.036900157728327887e-01
4.104104104104103895e-02 1.595576015862166130e+00
4.154154154154154205e-02 5.350126280349373209e-01
4.204204204204203821e-02 8.409344821645673429e-01
4.254254254254254131e-02 9.916067958663701276e-01
4.304304304304304440e-02 9.916490030667705069e-01
4.354354354354354056e-02 4.299720198719025888e-01
4.404404404404404366e-02 1.048958270547344585e+00
4.454454454454454676e-02 8.076660969120997846e-01
4.504504504504504292e-02 1.148492739159499232e+00
4.554554554554554602e-02 8.824770490148146074e-01
4.604604604604604912e-02 8.763936759806161270e-01
4.654654654654654528e-02 1.028084921631189808e+00
4.704704704704704837e-02 5.637423231445598537e-01
4.754754754754754453e-02 1.175525366771051239e+00
4.804804804804804763e-02 4.875072849367905747e-01
4.854854854854855073e-02 8.457560304768341197e-01
4.904904904904904689e-02 1.006895327963702069e+00
4.954954954954954999e-02 6.714097621784802516e-01
5.005005005005004615e-02 8.495799514950039821e-01
5.055055055055054924e-02 1.010678327911985530e+00
5.105105105105105234e-02 7.433347779013668166e-01
5.155155155155154850e-02 -4.296698765385142949e-02
5.205205205205205160e-02 1.465642766040859746e+00
5.255255255255255470e-02 8.586444990636485919e-01
5.305305305305305086e-02 8.510243140902766790e-01
5.355355355355355396e-02 1.105125154285180322e+00
5.405405405405405705e-02 5.638564211320151731e-01
5.455455455455455321e-02 8.035414036303754060e-01
5.505505505505505631e-02 8.688155251811684465e-01
5.555555555555555247e-02 1.482420525664210453e+00
5.605605605605605557e-02 1.331682562695658767e+00
5.655655655655655867e-02 6.649490522177317064e-01
5.705705705705705483e-02 3.235604038063074617e-01
5.755755755755755793e-02 1.361456192424731482e+00
5.805805805805805409e-02 5.448487211900640004e-01
5.855855855855855718e-02 1.472258953101167611e+00
5.905905905905906028e-02 1.418994661539024316e+00
5.955955955955955644e-02 1.113367607220312250e+00
6.006006006006005954e-02 8.522987083139172970e-01
6.056056056056056264e-02 1.087089213347280481e+00
6.106106106106105880e-02 6.161883320761439853e-01
6.156156156156156189e-02 1.112106833730000854e+00
6.206206206206206499e-02 1.501831540890822936e+00
6.256256256256256809e-02 5.821804269811687860e-01
6.306306306306305731e-02 8.690356347294887485e-01
6.356356356356356041e-02 1.731865453659794163e+00
6.406406406406406351e-02 1.792298173272873552e+00
6.456456456456456661e-02 6.867551030325931283e-01
6.506506506506506970e-02 1.606898807898946790e+00
6.556556556556555893e-02 1.614125941168056855e+00
6.606606606606606202e-02 1.260044905062114973e+00
6.656656656656656512e-02 1.511208609023670046e+00
6.706706706706706822e-02 5.971407492590062871e-01
6.756756756756757132e-02 1.216921600687389304e+00
6.806806806806806054e-02 1.107920431486800306e+00
6.856856856856856364e-02 1.298163774007321081e+00
6.906906906906906674e-02 1.133372182714419862e+00
6.956956956956956983e-02 1.985372499730770901e+00
7.007007007007007293e-02 1.835542255324546623e+00
7.057057057057057603e-02 9.620071356325988754e-01
7.107107107107106525e-02 1.460356608409638657e+00
7.157157157157156835e-02 1.624897913313960718e+00
7.207207207207207145e-02 1.137523216095809753e+00
7.257257257257257455e-02 1.095575995906193700e+00
7.307307307307307764e-02 1.164761916510904438e+00
7.357357357357356686e-02 1.165208120880478093e+00
7.407407407407406996e-02 5.411441538412349317e-01
7.457457457457457306e-02 1.447715036831476620e+00
7.507507507507507616e-02 1.322019565373697692e+00
7.557557557557557926e-02 1.577136834758404493e+00
7.607607607607608236e-02 1.497133810925732833e+00
7.657657657657657158e-02 1.384937897610039936e+00
7.707707707707707467e-02 1.134100722619038271e+00
7.757757757757757777e-02 1.970275642720463072e+00
7.807807807807808087e-02 1.606442591651563889e+00
7.857857857857858397e-02 1.356123899771145780e+00
7.907907907907907319e-02 1.105566947130636191e+00
7.957957957957957629e-02 1.962173265218315699e+00
8.008008008008007939e-02 2.021764767972078491e+00
8.058058058058058248e-02 6.722139343199157180e-01
8.108108108108108558e-02 1.925538623844507802e+00
8.158158158158157480e-02 1.628714330245941921e+00
8.208208208208207790e-02 1.432946040515677089e+00
8.258258258258258100e-02 1.588936238240765686e+00
8.308308308308308410e-02 1.912489849608844494e+00
8.358358358358358720e-02 2.187941001885352676e+00
8.408408408408407642e-02 9.859357321500749061e-01
8.458458458458457951e-02 1.385562524329273515e+00
8.508508508508508261e-02 1.560395960107040736e+00
8.558558558558558571e-02 1.445891046726561990e+00
8.608608608608608881e-02 1.109600473826395373e+00
8.658658658658659191e-02 1.333099864365020482e+00
8.708708708708708113e-02 1.325071390825557138e+00
8.758758758758758423e-02 1.755199144179957260e+00
8.808808808808808732e-02 1.651690672740213639e+00
8.858858858858859042e-02 1.893914478671136603e+00
8.908908908908909352e-02 2.641126955311257518e+00
8.958958958958958274e-02 2.090361410221411642e+00
9.009009009009008584e-02 1.545390569757606691e+00
9.059059059059058894e-02 2.013276284491582580e+00
9.109109109109109204e-02 2.224290437373459994e+00
9.159159159159159513e-02 1.572358876896831958e+00
9.209209209209209823e-02 1.504645667464116876e+00
9.259259259259258745e-02 1.345938291151836497e+00
9.309309309309309055e-02 1.648235144115307804e+00
9.359359359359359365e-02 1.239689497325502376e+00
9.409409409409409675e-02 1.765153845235524877e+00
9.459459459459459985e-02 2.451737972423074563e+00
9.509509509509508907e-02 2.331954558622945317e+00
9.559559559559559216e-02 1.697447583604549060e+00
9.609609609609609526e-02 2.549600890127798447e+00
9.659659659659659836e-02 1.834643913168372498e+00
9.709709709709710146e-02 1.845435864552666283e+00
9.759759759759759068e-02 1.533488001141736445e+00
9.809809809809809378e-02 2.006577814202905596e+00
9.859859859859859688e-02 1.338026343245356964e+00
9.909909909909909997e-02 2.463832276209199090e+00
9.959959959959960307e-02 1.792735287015954304e+00
1.001001001001000923e-01 1.916245402198287540e+00
1.006006006006005954e-01 1.477041062677491912e+00
1.011011011011010985e-01 2.174766511075093334e+00
1.016016016016016016e-01 1.599323734933637331e+00
1.021021021021021047e-01 2.227228643022644228e+00
1.026026026026026078e-01 1.516480404612189137e+00
1.031031031031030970e-01 1.919698180417208633e+00
1.036036036036036001e-01 1.858523813106796263e+00
1.041041041041041032e-01 1.647420006937990955e+00
1.046046046046046063e-01 1.748984637473511405e+00
1.051051051051051094e-01 2.058380113938811373e+00
1.056056056056055986e-01 1.900288776971999827e+00
1.061061061061061017e-01 2.560043746079372795e+00
1.066066066066066048e-01 2.375519240541034804e+00
1.071071071071071079e-01 1.675193044650779450e+00
1.076076076076076110e-01 1.307657767979579333e+00
1.081081081081081141e-01 2.083927319855024329e+00
1.086086086086086033e-01 1.750315929866566922e+00
1.091091091091091064e-01 2.063011189437199189e+00
1.096096096096096095e-01 1.851526038945282338e+00
1.101101101101101126e-01 1.714601718059784341e+00
1.106106106106106157e-01 2.295400441049467055e+00
1.111111111111111049e-01 1.293512320543086069e+00
1.116116116116116080e-01 1.697040363314166189e+00
1.121121121121121111e-01 1.993218502468902642e+00
1.126126126126126142e-01 1.653033686272166181e+00
1.131131131131131173e-01 2.185227649887281576e+00
1.136136136136136066e-01 1.982974455721808749e+00
1.141141141141141097e-01 2.372776209316191043e+00
1.146146146146146128e-01 1.409249728089044140e+00
1.151151151151151159e-01 2.641711645975049372e+00
1.156156156156156189e-01 1.919223399990900525e+00
1.161161161161161082e-01 2.293295238799387015e+00
1.166166166166166113e-01 1.926067550896327196e+00
1.171171171171171144e-01 2.318132365924066463e+00
1.176176176176176175e-01 1.546399649444711644e+00
1.181181181181181206e-01 2.565122584084379653e+00
1.186186186186186237e-01 1.809939456203420338e+00
1.191191191191191129e-01 2.644073933200677295e+00
1.196196196196196160e-01 2.302516915608729509e+00
1.201201201201201191e-01 1.588285458394512517e+00
1.206206206206206222e-01 2.032285339734196672e+00
1.211211211211211253e-01 2.082990363149890722e+00
1.216216216216216145e-01 2.332691154282870993e+00
1.221221221221221176e-01 2.214144907701931508e+00
1.226226226226226207e-01 1.996392365076250286e+00
1.231231231231231238e-01 2.329946833636269865e+00
1.236236236236236269e-01 3.427153716888547308e+00
1.241241241241241300e-01 2.379736023053550031e+00
1.246246246246246192e-01 2.240441446029573846e+00
1.251251251251251362e-01 1.848357253311067261e+00
1.256256256256256254e-01 1.755245600465718425e+00
1.261261261261261146e-01 1.486702261527000246e+00
1.266266266266266316e-01 2.347361601396381836e+00
1.271271271271271208e-01 2.349847091601577453e+00
1.276276276276276378e-01 1.868990511791704279e+00
1.281281281281281270e-01 2.426192612417418015e+00
1.286286286286286162e-01 2.652475127432240676e+00
1.291291291291291332e-01 2.493336392501022569e+00
1.296296296296296224e-01 2.226005302861310930e+00
1.301301301301301394e-01 1.811449032240385337e+00
1.306306306306306286e-01 2.182631700243125472e+00
1.311311311311311179e-01 1.869197252544416266e+00
1.316316316316316348e-01 2.186050252198009858e+00
1.321321321321321240e-01 2.435593463140556469e+00
1.326326326326326410e-01 2.414655029310090573e+00
1.331331331331331302e-01 2.348823719486198502e+00
1.336336336336336195e-01 2.118153656310262534e+00
1.341341341341341364e-01 2.358629460820924617e+00
1.346346346346346257e-01 2.733055351911674258e+00
1.351351351351351426e-01 1.705075478999520389e+00
1.356356356356356319e-01 2.241622958823420220e+00
1.361361361361361211e-01 2.826413527438741191e+00
1.366366366366366381e-01 2.699450516758258090e+00
1.371371371371371273e-01 2.536159220490881161e+00
1.376376376376376443e-01 3.168971143398821244e+00
1.381381381381381335e-01 2.856657834618805403e+00
1.386386386386386504e-01 1.589031873867993383e+00
1.391391391391391397e-01 1.807561773240250691e+00
1.396396396396396289e-01 2.694066941661597880e+00
1.401401401401401459e-01 2.264857164128765366e+00
1.406406406406406351e-01 2.026712306127493868e+00
1.411411411411411521e-01 2.078317912034900239e+00
1.416416416416416413e-01 1.410177693310845193e+00
1.421421421421421305e-01 2.326140621956968690e+00
1.426426426426426475e-01 2.069570355138039996e+00
1.431431431431431367e-01 2.852006145983291496e+00
1.436436436436436537e-01 2.314387811221755076e+00
1.441441441441441429e-01 1.851410776702254957e+00
1.446446446446446321e-01 2.503695360532595338e+00
1.451451451451451491e-01 2.002942072436828536e+00
1.456456456456456383e-01 1.947911925549373535e+00
1.461461461461461553e-01 2.632413652483592159e+00
1.466466466466466445e-01 2.540613832753575441e+00
1.471471471471471337e-01 2.133802000986464886e+00
1.476476476476476507e-01 2.469120912013824665e+00
1.481481481481481399e-01 2.700663601890038290e+00
1.486486486486486569e-01 2.449740448318979524e+00
1.491491491491491461e-01 2.465593626339665168e+00
1.496496496496496353e-01 2.406183904115819949e+00
1.501501501501501523e-01 2.211280633067029822e+00
1.506506506506506415e-01 2.485805745152399382e+00
1.511511511511511585e-01 2.783619452092367830e+00
1.516516516516516477e-01 2.908088344422708360e+00
1.521521521521521647e-01 2.214185698540953151e+00
1.526526526526526539e-01 2.549757021966979398e+00
1.531531531531531432e-01 2.422824778215109554e+00
1.536536536536536601e-01 2.681199890573978895e+00
1.541541541541541493e-01 2.151739375509909014e+00
1.546546546546546663e-01 2.878069084106444020e+00
1.551551551551551555e-01 2.393561040938539275e+00
1.556556556556556448e-01 2.620991449321348643e+00
1.561561561561561617e-01 2.070627078983126257e+00
1.566566566566566510e-01 2.108802192515175644e+00
1.571571571571571679e-01 2.383108308106821394e+00
1.576576576576576572e-01 2.389676095635975717e+00
1.581581581581581464e-01 2.632112389541231501e+00
1.586586586586586634e-01 2.792103090788359054e+00
1.591591591591591526e-01 2.710583417343047419e+00
1.596596596596596696e-01 2.352145443259574531e+00
1.601601601601601588e-01 1.931705969957703939e+00
1.606606606606606480e-01 2.286412903096604055e+00
1.611611611611611650e-01 2.444743522715635553e+00
1.616616616616616542e-01 2.537087333313926329e+00
1.621621621621621712e-01 2.777382637535296350e+00
1.626626626626626604e-01 2.581261235459839654e+00
1.631631631631631496e-01 2.512166801010362160e+00
1.636636636636636666e-01 2.364921078445298530e+00
1.641641641641641558e-01 2.407808902320078381e+00
1.646646646646646728e-01 2.700683275297212749e+00
1.651651651651651620e-01 3.026426188063058298e+00
1.656656656656656512e-01 2.928183640817263900e+00
1.661661661661661682e-01 2.871479355561895375e+00
1.666666666666666574e-01 2.843647884790733382e+00
1.671671671671671744e-01 2.578989994044953438e+00
1.676676676676676636e-01 1.857174533976573283e+00
1.681681681681681528e-01 2.594761865756965324e+00
1.686686686686686698e-01 2.823551113798391299e+00
1.691691691691691590e-01 2.818340343690990846e+00
1.696696696696696760e-01 2.226649722655374752e+00
1.701701701701701652e-01 2.302633084584342349e+00
1.706706706706706822e-01 2.228834153860432821e+00
1.711711711711711714e-01 3.000750367614203995e+00
1.716716716716716606e-01 2.874442483073584853e+00
1.721721721721721776e-01 2.501322707374802334e+00
1.726726726726726668e-01 2.288925000767231044e+00
1.731731731731731838e-01 2.401320795631517679e+00
1.736736736736736730e-01 2.599075294832589922e+00
1.741741741741741623e-01 2.785293000055262702e+00
1.746746746746746792e-01 2.923517161118952323e+00
1.751751751751751685e-01 2.795288973342082706e+00
1.756756756756756854e-01 2.774621389141674666e+00
1.761761761761761746e-01 2.786860303639562275e+00
1.766766766766766639e-01 1.777294697226428077e+00
1.771771771771771808e-01 2.695258810704372898e+00
1.776776776776776701e-01 2.773198188121343222e+00
1.781781781781781870e-01 2.405029184152267074e+00
1.786786786786786763e-01 2.008975715330897138e+00
1.791791791791791655e-01 3.607018016348415124e+00
1.796796796796796825e-01 2.879260920988323758e+00
1.801801801801801717e-01 2.906114672387587028e+00
1.806806806806806887e-01 2.403638566786569175e+00
1.811811811811811779e-01 2.008656423312385808e+00
1.816816816816816671e-01 3.154055179473182147e+00
1.821821821821821841e-01 2.506404530048146118e+00
1.826826826826826733e-01 2.833490622260211644e+00
1.831831831831831903e-01 3.262264894620573230e+00
1.836836836836836795e-01 2.672956685619248596e+00
1.841841841841841965e-01 2.898308433794351657e+00
1.846846846846846857e-01 3.492337770538421982e+00
1.851851851851851749e-01 2.674945881564633865e+00
1.856856856856856919e-01 3.207052894656132747e+00
1.861861861861861811e-01 2.756669527668087483e+00
1.866866866866866981e-01 3.067911127200007027e+00
1.871871871871871873e-01 2.290354286912028137e+00
1.876876876876876765e-01 2.172736962850470466e+00
1.881881881881881935e-01 3.114536772015739530e+00
1.886886886886886827e-01 2.559514396706038752e+00
1.891891891891891997e-01 2.810288292556802681e+00
1.896896896896896889e-01 2.942670854305630801e+00
1.901901901901901781e-01 3.214383132863046111e+00
1.906906906906906951e-01 2.773273465574956909e+00
1.911911911911911843e-01 2.500909594974796146e+00
1.916916916916917013e-01 2.981112302747874310e+00
1.921921921921921905e-01 2.474038573248679374e+00
1.926926926926926797e-01 3.010410117797024832e+00
1.931931931931931967e-01 2.564286580548920114e+00
1.936936936936936859e-01 2.848561990872403360e+00
1.941941941941942029e-01 2.765476367182563955e+00
1.946946946946946921e-01 2.310567242866254478e+00
1.951951951951951814e-01 2.741280734435791455e+00
1.956956956956956983e-01 2.711565190354203292e+00
1.961961961961961876e-01 3.180225027299417029e+00
1.966966966966967045e-01 3.231690887769697706e+00
1.971971971971971938e-01 2.860200415671429575e+00
1.976976976976976830e-01 2.885490594865624647e+00
1.981981981981981999e-01 3.088667336793958551e+00
1.986986986986986892e-01 2.560451153294791116e+00
1.991991991991992061e-01 2.725930882010801692e+00
1.996996996996996954e-01 2.673101566603762080e+00
2.002002002002001846e-01 3.177063608987435117e+00
2.007007007007007016e-01 2.400397859004821388e+00
2.012012012012011908e-01 2.328963027250637197e+00
2.017017017017017078e-01 2.578050820230521012e+00
2.022022022022021970e-01 2.770975561447239333e+00
2.027027027027027140e-01 3.273755895996428578e+00
2.032032032032032032e-01 2.704848953264939571e+00
2.037037037037036924e-01 2.782672592963900460e+00
2.042042042042042094e-01 2.708380177100417896e+00
2.047047047047046986e-01 2.882102700418885721e+00
2.052052052052052156e-01 2.990503964292366312e+00
2.057057057057057048e-01 2.692735815387680365e+00
2.062062062062061940e-01 2.930963479599344002e+00
2.067067067067067110e-01 2.825907201466320018e+00
2.072072072072072002e-01 3.216950460081352769e+00
2.077077077077077172e-01 3.283988557106451545e+00
2.082082082082082064e-01 2.565043630350508863e+00
2.087087087087086956e-01 3.167847412788482586e+00
2.092092092092092126e-01 3.279839349082594779e+00
2.097097097097097018e-01 2.623458326616967540e+00
2.102102102102102188e-01 3.201477299591378056e+00
2.107107107107107080e-01 3.199353833652486045e+00
2.112112112112111972e-01 2.373882056276736652e+00
2.117117117117117142e-01 2.992846584802547394e+00
2.122122122122122034e-01 3.013415370889258149e+00
2.127127127127127204e-01 2.271324612338383009e+00
2.132132132132132096e-01 3.363286933069526974e+00
2.137137137137136988e-01 3.023667953122045393e+00
2.142142142142142158e-01 2.373563214862901560e+00
2.147147147147147050e-01 3.181682098107289747e+00
2.152152152152152220e-01 2.452514656187576136e+00
2.157157157157157112e-01 2.696159424567053708e+00
2.162162162162162282e-01 2.287401720318057219e+00
2.167167167167167174e-01 2.936397649636665719e+00
2.172172172172172067e-01 2.524228870665543134e+00
2.177177177177177236e-01 3.242597328718478611e+00
2.182182182182182129e-01 3.042344313077951945e+00
2.187187187187187298e-01 2.961510014012057379e+00
2.192192192192192191e-01 3.883795971600576546e+00
2.197197197197197083e-01 2.391097988899104188e+00
2.202202202202202252e-01 2.775899871294898347e+00
2.207207207207207145e-01 2.290517126507097601e+00
2.212212212212212314e-01 3.404748794976101500e+00
2.217217217217217207e-01 3.261739443743615130e+00
2.222222222222222099e-01 2.597668954235651917e+00
2.227227227227227269e-01 3.134621650838882889e+00
2.232232232232232161e-01 2.623685745223906185e+00
2.237237237237237331e-01 2.372623517846604635e+00
2.242242242242242223e-01 3.080594200241315583e+00
2.247247247247247115e-01 2.637248333940106715e+00
2.252252252252252285e-01 2.777242850163942123e+00
2.257257257257257177e-01 3.265353583086487266e+00
2.262262262262262347e-01 2.663458277109258976e+00
2.267267267267267239e-01 2.470599666740329603e+00
2.272272272272272131e-01 3.654259974652731113e+00
2.277277277277277301e-01 3.052964220906116299e+00
2.282282282282282193e-01 2.646520977395325769e+00
2.287287287287287363e-01 2.879909387026513556e+00
2.292292292292292255e-01 3.023035805930375020e+00
2.297297297297297147e-01 2.733472124466876707e+00
2.302302302302302317e-01 2.510630353306228635e+00
2.307307307307307209e-01 2.759465405108528557e+00
2.312312312312312379e-01 3.204359609940210962e+00
2.317317317317317271e-01 2.594349306367709218e+00
2.322322322322322163e-01 2.460601957498939285e+00
2.327327327327327333e-01 3.162580647516989973e+00
2.332332332332332225e-01 3.164688170797501865e+00
2.337337337337337395e-01 2.899997945481867845e+00
2.342342342342342287e-01 3.034141592752333416e+00
2.347347347347347457e-01 3.434745804596583962e+00
2.352352352352352349e-01 3.560277223498383936e+00
2.357357357357357242e-01 2.835469361029094415e+00
2.362362362362362411e-01 3.200864382733093372e+00
2.367367367367367303e-01 3.060007180417734673e+00
2.372372372372372473e-01 2.915450224578615579e+00
2.377377377377377365e-01 2.768691304322897562e+00
2.382382382382382258e-01 2.723052653757997099e+00
2.387387387387387427e-01 2.790788275439131993e+00
2.392392392392392320e-01 3.262921888038060825e+00
2.397397397397397489e-01 3.429444547421973688e+00
2.402402402402402382e-01 3.700833287085414369e+00
2.407407407407407274e-01 3.084994325323711539e+00
2.412412412412412444e-01 2.725070962091613591e+00
2.417417417417417336e-01 3.113351181778892141e+00
2.422422422422422505e-01 3.099419638602988414e+00
2.427427427427427398e-01 2.693348811224372863e+00
2.432432432432432290e-01 2.923600059845802956e+00
2.437437437437437460e-01 2.103286823251315774e+00
2.442442442442442352e-01 3.002045566338484850e+00
2.447447447447447522e-01 3.416966970395622027e+00
2.452452452452452414e-01 2.597584460185588640e+00
2.457457457457457306e-01 3.341127302324170767e+00
2.462462462462462476e-01 3.003828035117166007e+00
2.467467467467467368e-01 3.421086103506852272e+00
2.472472472472472538e-01 2.786438020713873698e+00
2.477477477477477430e-01 3.209813775680821823e+00
2.482482482482482600e-01 2.724438187958924562e+00
2.487487487487487492e-01 2.661262391038721198e+00
2.492492492492492384e-01 2.971512106440831413e+00
2.497497497497497554e-01 2.364371812584781907e+00
2.502502502502502724e-01 3.153287098090320484e+00
2.507507507507507616e-01 2.979399700037016263e+00
2.512512512512512508e-01 2.590049578562753751e+00
2.517517517517517400e-01 2.757609515039529224e+00
2.522522522522522292e-01 3.468309966323730897e+00
2.527527527527527740e-01 3.010226186454760811e+00
2.532532532532532632e-01 3.686261178261521110e+00
2.537537537537537524e-01 3.115027926289141380e+00
2.542542542542542416e-01 3.107750935011860172e+00
2.547547547547547309e-01 3.218536935060513748e+00
2.552552552552552756e-01 3.155790360959309204e+00
2.557557557557557648e-01 3.307744794041182157e+00
2.562562562562562540e-01 2.874020690481458473e+00
2.567567567567567433e-01 3.283858694207097084e+00
2.572572572572572325e-01 2.936568359724231581e+00
2.577577577577577772e-01 3.130650255047730202e+00
2.582582582582582664e-01 3.308964978178163374e+00
2.587587587587587556e-01 3.362147458244052700e+00
2.592592592592592449e-01 2.675552367097700834e+00
2.597597597597597341e-01 2.521580848918313578e+00
2.602602602602602788e-01 3.147494623111757317e+00
2.607607607607607680e-01 2.844705992361124647e+00
2.612612612612612573e-01 2.629250096342227838e+00
2.617617617617617465e-01 3.234692859288033073e+00
2.622622622622622357e-01 3.556825208701899221e+00
2.627627627627627804e-01 3.455137156148438748e+00
2.632632632632632697e-01 3.022079076255189900e+00
2.637637637637637589e-01 3.377683744438404467e+00
2.642642642642642481e-01 2.700462260788121238e+00
2.647647647647647373e-01 2.669123300524806730e+00
2.652652652652652820e-01 3.088016310915768337e+00
2.657657657657657713e-01 3.064217774995156240e+00
2.662662662662662605e-01 3.309343780340419539e+00
2.667667667667667497e-01 2.807042542190067103e+00
2.672672672672672389e-01 2.930699083278211603e+00
2.677677677677677837e-01 2.872947229428189697e+00
2.682682682682682729e-01 2.943329496328408457e+00
2.687687687687687621e-01 3.009369622544104228e+00
2.692692692692692513e-01 2.885681911420445722e+00
2.697697697697697405e-01 3.302128048885758727e+00
2.702702702702702853e-01 3.023182706651926122e+00
2.707707707707707745e-01 3.460421845926675566e+00
2.712712712712712637e-01 3.253631498045713943e+00
2.717717717717717529e-01 3.371856725931853482e+00
2.722722722722722422e-01 3.229849841779277142e+00
2.727727727727727869e-01 2.644442361457953528e+00
2.732732732732732761e-01 3.042863772531182232e+00
2.737737737737737653e-01 3.359114829035635186e+00
2.742742742742742545e-01 2.933341235174172557e+00
2.747747747747747993e-01 2.442780418468763148e+00
2.752752752752752885e-01 2.448550855343023080e+00
2.757757757757757777e-01 3.329105862480818079e+00
2.762762762762762669e-01 3.149501362298118501e+00
2.767767767767767562e-01 2.564100855652023281e+00
2.772772772772773009e-01 3.314356166868002607e+00
2.777777777777777901e-01 2.880575083746718779e+00
2.782782782782782793e-01 2.880565660058211908e+00
2.787787787787787686e-01 2.916270738934319873e+00
2.792792792792792578e-01 3.507636003930458379e+00
2.797797797797798025e-01 2.695620856194276715e+00
2.802802802802802917e-01 2.582311390937586104e+00
2.807807807807807809e-01 3.458995885197217568e+00
2.812812812812812702e-01 2.564167329732741418e+00
2.817817817817817594e-01 2.850541860914766357e+00
2.822822822822823041e-01 2.839653548538624950e+00
2.827827827827827933e-01 2.623910736809270006e+00
2.832832832832832826e-01 2.663064871935653333e+00
2.837837837837837718e-01 2.772260132293343116e+00
2.842842842842842610e-01 2.604435371527553222e+00
2.847847847847848057e-01 2.386201379918935217e+00
2.852852852852852950e-01 3.908434588803383569e+00
2.857857857857857842e-01 3.753169282901246628e+00
2.862862862862862734e-01 3.159944263563329692e+00
2.867867867867867626e-01 2.577791954489139670e+00
2.872872872872873073e-01 3.005673867245127528e+00
2.877877877877877966e-01 2.696685301353072717e+00
2.882882882882882858e-01 3.026161927837774712e+00
2.887887887887887750e-01 2.846065775080333093e+00
2.892892892892892642e-01 3.204371143904510166e+00
2.897897897897898090e-01 3.177134603794995904e+00
2.902902902902902982e-01 2.684538321748919820e+00
2.907907907907907874e-01 2.527359914910917826e+00
2.912912912912912766e-01 2.910900579858040071e+00
2.917917917917917658e-01 2.428521754659452636e+00
2.922922922922923106e-01 3.022202685691287360e+00
2.927927927927927998e-01 3.072981095724744982e+00
2.932932932932932890e-01 3.150029795128403087e+00
2.937937937937937782e-01 2.478844185661981836e+00
2.942942942942942675e-01 2.537152899298078079e+00
2.947947947947948122e-01 3.568655398248389510e+00
2.952952952952953014e-01 2.800084336722532985e+00
2.957957957957957906e-01 2.365503015346077653e+00
2.962962962962962798e-01 2.901832685958329883e+00
2.967967967967967691e-01 2.967751920241229246e+00
2.972972972972973138e-01 2.696342394572419643e+00
2.977977977977978030e-01 2.333243174039813184e+00
2.982982982982982922e-01 2.797641004294108669e+00
2.987987987987987815e-01 3.153979362947887388e+00
2.992992992992992707e-01 2.910286908737187872e+00
2.997997997997998154e-01 3.195853450532966988e+00
3.003003003003003046e-01 2.862584930546379969e+00
3.008008008008007939e-01 2.982226890492260640e+00
3.013013013013012831e-01 3.410148246397845195e+00
3.018018018018017723e-01 2.403494172882552515e+00
3.023023023023023170e-01 2.749573659106673507e+00
3.028028028028028062e-01 2.876921083872134854e+00
3.033033033033032955e-01 2.645978319768447218e+00
3.038038038038037847e-01 2.687915716488580298e+00
3.043043043043043294e-01 2.780693446288871495e+00
3.048048048048048186e-01 3.108055038255312930e+00
3.053053053053053079e-01 2.117540402648274700e+00
3.058058058058057971e-01 2.935233977684192919e+00
3.063063063063062863e-01 2.920763686749970223e+00
3.068068068068068310e-01 2.824996552640001379e+00
3.073073073073073203e-01 2.443519921558168662e+00
3.078078078078078095e-01 3.017089354713149874e+00
3.083083083083082987e-01 2.680336320070524803e+00
3.088088088088087879e-01 2.625888044896087070e+00
3.093093093093093326e-01 2.464095651254045727e+00
3.098098098098098219e-01 2.835990959163875669e+00
3.103103103103103111e-01 2.702978514045306646e+00
3.108108108108108003e-01 3.223054307544752195e+00
3.113113113113112895e-01 3.357962305611775111e+00
3.118118118118118343e-01 2.418500657606065474e+00
3.123123123123123235e-01 2.855942578090553852e+00
3.128128128128128127e-01 2.741256145325867255e+00
3.133133133133133019e-01 3.205083896634997931e+00
3.138138138138137911e-01 2.998449378993306880e+00
3.143143143143143359e-01 3.596433372769703762e+00
3.148148148148148251e-01 2.449087023584070710e+00
3.153153153153153143e-01 2.465920043266748074e+00
3.158158158158158035e-01 2.287463642229929928e+00
3.163163163163162928e-01 2.547322556379199021e+00
3.168168168168168375e-01 3.136787905902738149e+00
3.173173173173173267e-01 3.425833412942978384e+00
3.178178178178178159e-01 2.636338822509784130e+00
3.183183183183183051e-01 2.403914796800592057e+00
3.188188188188187944e-01 3.224880117407612268e+00
3.193193193193193391e-01 2.576928653986132023e+00
3.198198198198198283e-01 2.858958386565515486e+00
3.203203203203203175e-01 2.932115130147336490e+00
3.208208208208208068e-01 2.761899026604580420e+00
3.213213213213212960e-01 2.871243033683005041e+00
3.218218218218218407e-01 2.813963516586267311e+00
3.223223223223223299e-01 2.623694779746899908e+00
3.228228228228228192e-01 2.944504517633092622e+00
3.233233233233233084e-01 2.749271472075644596e+00
3.238238238238237976e-01 2.914021059066532082e+00
3.243243243243243423e-01 3.030008123879365023e+00
3.248248248248248315e-01 2.515096559679326660e+00
3.253253253253253208e-01 2.895790749029469868e+00
3.258258258258258100e-01 2.455482008417287254e+00
3.263263263263262992e-01 1.831593296849406638e+00
3.268268268268268439e-01 2.414572757217302801e+00
3.273273273273273332e-01 2.953047931811901172e+00
3.278278278278278224e-01 2.577833722166206876e+00
3.283283283283283116e-01 2.599367373229741762e+00
3.288288288288288008e-01 2.332306281483845112e+00
3.293293293293293456e-01 3.300309895764995005e+00
3.298298298298298348e-01 3.625246917280875003e+00
3.303303303303303240e-01 2.205523259266772840e+00
3.308308308308308132e-01 2.824600486381308784e+00
3.313313313313313024e-01 2.609601716508496150e+00
3.318318318318318472e-01 1.877683971351818304e+00
3.323323323323323364e-01 2.439700842833432137e+00
3.328328328328328256e-01 2.847586667341360123e+00
3.333333333333333148e-01 2.600186717432495076e+00
3.338338338338338041e-01 2.776564491996510675e+00
3.343343343343343488e-01 2.971148246057843334e+00
3.348348348348348380e-01 2.857634165855286845e+00
3.353353353353353272e-01 1.756182732580509498e+00
3.358358358358358164e-01 2.088170051600725330e+00
3.363363363363363057e-01 2.488206154812389048e+00
3.368368368368368504e-01 2.715730900710136453e+00
3.373373373373373396e-01 2.483867114708417034e+00
3.378378378378378288e-01 2.859564982773306063e+00
3.383383383383383181e-01 2.773354028293804063e+00
3.388388388388388628e-01 2.527911858101137277e+00
3.393393393393393520e-01 2.663794849974706835e+00
3.398398398398398412e-01 2.629825760264679513e+00
3.403403403403403304e-01 2.289892637206888626e+00
3.408408408408408197e-01 2.572013244238231078e+00
3.413413413413413644e-01 2.474097631965622934e+00
3.418418418418418536e-01 2.781602960695097604e+00
3.423423423423423428e-01 2.128138364550380857e+00
3.428428428428428321e-01 2.078171803223846759e+00
3.433433433433433213e-01 2.262152728744458940e+00
3.438438438438438660e-01 2.738065149579954394e+00
3.443443443443443552e-01 2.722929995143057447e+00
3.448448448448448445e-01 2.783836526188982141e+00
3.453453453453453337e-01 2.418375100115460974e+00
3.458458458458458229e-01 3.024734691885127447e+00
3.463463463463463676e-01 2.617693631229824014e+00
3.468468468468468568e-01 3.019674824391682666e+00
3.473473473473473461e-01 1.993972976181898282e+00
3.478478478478478353e-01 2.649955200009492362e+00
3.483483483483483245e-01 2.314655341804507049e+00
3.488488488488488692e-01 2.325990719974711851e+00
3.493493493493493585e-01 2.303044503876929383e+00
3.498498498498498477e-01 2.374145295231266495e+00
3.503503503503503369e-01 2.075379233516783106e+00
3.508508508508508261e-01 2.341519432176358606e+00
3.513513513513513709e-01 2.480714653238773604e+00
3.518518518518518601e-01 2.749242401988754025e+00
3.523523523523523493e-01 2.739315418260551915e+00
3.528528528528528385e-01 2.874778320234605555e+00
3.533533533533533277e-01 3.120226638993222945e+00
3.538538538538538725e-01 1.619517133518590057e+00
3.543543543543543617e-01 2.237751452220419157e+00
3.548548548548548509e-01 2.606860910975770107e+00
3.553553553553553401e-01 2.386937063989567065e+00
3.558558558558558294e-01 2.314438392584095894e+00
3.563563563563563741e-01 1.916412481480814778e+00
3.568568568568568633e-01 2.184703022564130848e+00
3.573573573573573525e-01 2.477813304125402460e+00
3.578578578578578417e-01 2.347059449737198822e+00
3.583583583583583310e-01 2.121092621047071525e+00
3.588588588588588757e-01 2.663416258439097462e+00
3.593593593593593649e-01 2.306824685423598975e+00
3.598598598598598541e-01 1.730232795580761707e+00
3.603603603603603434e-01 2.507492187911425141e+00
3.608608608608608326e-01 2.376079071726616032e+00
3.613613613613613773e-01 2.104472740513665396e+00
3.618618618618618665e-01 2.614882064104985471e+00
3.623623623623623557e-01 2.866238485226769939e+00
3.628628628628628450e-01 2.647282325896265220e+00
3.633633633633633342e-01 2.626456417124820586e+00
3.638638638638638789e-01 2.311236580361574866e+00
3.643643643643643681e-01 1.805059835958626957e+00
3.648648648648648574e-01 2.259841441424813802e+00
3.653653653653653466e-01 2.541796983860484360e+00
3.658658658658658358e-01 1.486236104145083559e+00
3.663663663663663805e-01 2.679358266565969426e+00
3.668668668668668698e-01 2.343708128110851163e+00
3.673673673673673590e-01 1.943777330651686341e+00
3.678678678678678482e-01 2.297968443047249565e+00
3.683683683683683929e-01 2.320613395451901706e+00
3.688688688688688821e-01 2.981017540759282713e+00
3.693693693693693714e-01 1.951461662049744472e+00
3.698698698698698606e-01 2.527019372387388163e+00
3.703703703703703498e-01 2.107963189704430196e+00
3.708708708708708945e-01 2.231008373355773511e+00
3.713713713713713838e-01 2.308745498221689729e+00
3.718718718718718730e-01 1.570247013462901853e+00
3.723723723723723622e-01 1.925078366323305534e+00
3.728728728728728514e-01 1.918799745058200612e+00
3.733733733733733962e-01 2.462976453368096230e+00
3.738738738738738854e-01 1.772109151645891112e+00
3.743743743743743746e-01 2.438929542636975256e+00
3.748748748748748638e-01 1.997903709512356851e+00
3.753753753753753530e-01 2.230054387603689126e+00
3.758758758758758978e-01 2.427651651626031803e+00
3.763763763763763870e-01 1.664385280818022839e+00
3.768768768768768762e-01 1.957756737402359892e+00
3.773773773773773654e-01 1.832919006769963666e+00
3.778778778778778547e-01 2.189154157054290284e+00
3.783783783783783994e-01 1.522521656325848571e+00
3.788788788788788886e-01 2.516914815277832229e+00
3.793793793793793778e-01 2.449980027003284544e+00
3.798798798798798670e-01 1.776113554922137627e+00
3.803803803803803563e-01 1.818492779324787367e+00
3.808808808808809010e-01 1.759539615368397758e+00
3.813813813813813902e-01 2.675955387120388274e+00
3.818818818818818794e-01 2.196686442664208982e+00
3.823823823823823687e-01 2.355008504488646182e+00
3.828828828828828579e-01 2.593751344116114410e+00
3.833833833833834026e-01 2.870287718146462108e+00
3.838838838838838918e-01 2.316103190157003944e+00
3.843843843843843811e-01 1.762587511603284751e+00
3.848848848848848703e-01 1.666975086250082505e+00
3.853853853853853595e-01 2.125858471209629119e+00
3.858858858858859042e-01 1.693268952666846738e+00
3.863863863863863934e-01 1.894111605292069900e+00
3.868868868868868827e-01 1.632488244167420000e+00
3.873873873873873719e-01 2.474920161950623143e+00
3.878878878878878611e-01 1.822249884566764289e+00
3.883883883883884058e-01 2.374033502659901540e+00
3.888888888888888951e-01 1.995212024856486410e+00
3.893893893893893843e-01 1.481482765514551936e+00
3.898898898898898735e-01 1.758637838087974359e+00
3.903903903903903627e-01 1.927628563567126196e+00
3.908908908908909074e-01 1.708650028663173615e+00
3.913913913913913967e-01 1.914895023902719595e+00
3.918918918918918859e-01 1.414113143098802983e+00
3.923923923923923751e-01 2.192115041833572420e+00
3.928928928928928643e-01 2.427648876286923940e+00
3.933933933933934091e-01 1.863261685357536113e+00
3.938938938938938983e-01 1.711563940309556830e+00
3.943943943943943875e-01 1.911102505090259474e+00
3.948948948948948767e-01 1.122794133643429504e+00
3.953953953953953659e-01 1.525727750574237485e+00
3.958958958958959107e-01 1.839101000953132337e+00
3.963963963963963999e-01 2.056181410216657124e+00
3.968968968968968891e-01 2.043035334517704360e+00
3.973973973973973783e-01 1.437756779464613777e+00
3.978978978978978676e-01 1.491029682859315697e+00
3.983983983983984123e-01 1.811116233756460803e+00
3.988988988988989015e-01 2.100505637230296152e+00
3.993993993993993907e-01 1.439990972310573714e+00
3.998998998998998800e-01 1.599933134946529112e+00
4.004004004004003692e-01 1.867966885554428025e+00
4.009009009009009139e-01 1.474983716253733590e+00
4.014014014014014031e-01 1.382728587520547503e+00
4.019019019019018923e-01 1.751737455385648401e+00
4.024024024024023816e-01 1.695838048738009363e+00
4.029029029029029263e-01 2.075327600554783380e+00
4.034034034034034155e-01 2.310487124901524414e+00
4.039039039039039047e-01 1.921437626683025313e+00
4.044044044044043940e-01 1.276661179902381482e+00
4.049049049049048832e-01 1.777633668766111397e+00
4.054054054054054279e-01 1.189125664228835255e+00
4.059059059059059171e-01 1.398146311428422273e+00
4.064064064064064064e-01 1.621240686579465295e+00
4.069069069069068956e-01 1.051153351989443152e+00
4.074074074074073848e-01 1.486858993386631633e+00
4.079079079079079295e-01 1.830281031709859008e+00
4.084084084084084187e-01 1.134915047459096993e+00
4.089089089089089080e-01 1.523548698588377492e+00
4.094094094094093972e-01 1.709014690664765190e+00
4.099099099099098864e-01 1.475784474141849323e+00
4.104104104104104311e-01 2.192427569885674110e+00
4.109109109109109204e-01 1.410679020219469892e+00
4.114114114114114096e-01 1.409008673989880833e+00
4.119119119119118988e-01 1.851071847671431403e+00
4.124124124124123880e-01 1.486354651560544582e+00
4.129129129129129328e-01 2.076794058426536527e+00
4.134134134134134220e-01 1.739291752243421252e+00
4.139139139139139112e-01 1.473250584121094997e+00
4.144144144144144004e-01 1.573969774772446373e+00
4.149149149149148896e-01 1.533163578296074414e+00
4.154154154154154344e-01 1.779063279494552452e+00
4.159159159159159236e-01 2.156630548340582099e+00
4.164164164164164128e-01 1.696303538631828367e+00
4.169169169169169020e-01 1.583142567935300615e+00
4.174174174174173912e-01 1.497919800257967671e+00
4.179179179179179360e-01 1.367495237758322935e+00
4.184184184184184252e-01 1.506170121538302098e+00
4.189189189189189144e-01 1.587550785356360628e+00
4.194194194194194036e-01 1.859750530785555300e+00
4.199199199199198929e-01 1.643916360102094743e+00
4.204204204204204376e-01 1.144946004598205169e+00
4.209209209209209268e-01 1.672704157008735759e+00
4.214214214214214160e-01 1.757301152880035522e+00
4.219219219219219053e-01 1.542877896725503684e+00
4.224224224224223945e-01 1.990685246146286946e+00
4.229229229229229392e-01 1.813320802035928159e+00
4.234234234234234284e-01 7.686183282393593830e-01
4.239239239239239176e-01 1.139716679646162856e+00
4.244244244244244069e-01 1.515079663652280750e+00
4.249249249249248961e-01 2.012770305595990017e+00
4.254254254254254408e-01 1.500647311933561490e+00
4.259259259259259300e-01 7.582911320201054517e-01
4.264264264264264193e-01 9.491067704392903703e-01
4.269269269269269085e-01 1.809469487964364909e+00
4.274274274274273977e-01 1.343029508307333364e+00
4.279279279279279424e-01 1.292619258676477090e+00
4.284284284284284317e-01 1.261486359906771382e+00
4.289289289289289209e-01 1.734023567039649327e+00
4.294294294294294101e-01 1.090626348206552354e+00
4.299299299299298993e-01 1.570766287396576644e+00
4.304304304304304440e-01 1.598040563297264072e+00
4.309309309309309333e-01 1.279961729057737418e+00
4.314314314314314225e-01 1.371899466471742990e+00
4.319319319319319117e-01 6.293500018971128762e-01
4.324324324324324564e-01 1.470840609041915048e+00
4.329329329329329457e-01 1.587918056577839021e+00
4.334334334334334349e-01 1.535906639489827530e+00
4.339339339339339241e-01 1.070453597016165936e+00
4.344344344344344133e-01 1.562793832603727839e+00
4.349349349349349581e-01 1.619869895402836768e+00
4.354354354354354473e-01 3.826322386174081380e-01
4.359359359359359365e-01 9.761006848260312951e-01
4.364364364364364257e-01 1.496510765999940817e+00
4.369369369369369149e-01 1.333216376686443549e+00
4.374374374374374597e-01 1.495682249330268387e+00
4.379379379379379489e-01 8.190730604989744368e-01
4.384384384384384381e-01 1.822305175505122943e+00
4.389389389389389273e-01 1.386554503453805598e+00
4.394394394394394165e-01 1.260486234347647949e+00
4.399399399399399613e-01 8.292200098611141046e-01
4.404404404404404505e-01 8.595285771693708110e-01
4.409409409409409397e-01 1.089869883579051679e+00
4.414414414414414289e-01 1.698742725077397431e+00
4.419419419419419182e-01 1.070197568609831507e+00
4.424424424424424629e-01 1.129553056099810604e+00
4.429429429429429521e-01 1.502017806583130666e+00
4.434434434434434413e-01 8.241084439700308018e-01
4.439439439439439306e-01 1.213540728814695546e+00
4.444444444444444198e-01 1.422522712499440622e+00
4.449449449449449645e-01 8.570179153428447716e-01
4.454454454454454537e-01 6.060366576974502983e-01
4.459459459459459429e-01 7.142133554399852091e-01
4.464464464464464322e-01 1.126555256883760237e+00
4.469469469469469214e-01 1.756579494753297777e+00
4.474474474474474661e-01 1.013315875616583428e+00
4.479479479479479553e-01 1.034025089697926614e+00
4.484484484484484446e-01 1.170189082763605448e+00
4.489489489489489338e-01 8.166027022559143589e-01
4.494494494494494230e-01 1.063313063851460960e+00
4.499499499499499677e-01 6.734560661037659601e-01
4.504504504504504570e-01 1.052343092765352095e+00
4.509509509509509462e-01 6.754439203018731686e-01
4.514514514514514354e-01 2.688172987783142842e-01
4.519519519519519246e-01 1.306083154233409482e+00
4.524524524524524693e-01 4.648157419712272698e-01
4.529529529529529586e-01 3.791534026402988977e-01
4.534534534534534478e-01 6.853765120408003009e-01
4.539539539539539370e-01 1.126190610337917120e+00
4.544544544544544262e-01 3.063476911792709645e-01
4.549549549549549710e-01 6.958729859996206635e-01
4.554554554554554602e-01 1.178720195466334664e+00
4.559559559559559494e-01 1.216670887040448790e+00
4.564564564564564386e-01 1.153640920117747770e-01
4.569569569569569278e-01 5.886206357395528110e-01
4.574574574574574726e-01 3.809584394852240652e-01
4.579579579579579618e-01 5.370081345447011989e-01
4.584584584584584510e-01 1.087843139134518022e+00
4.589589589589589402e-01 5.972916236390053424e-01
4.594594594594594295e-01 4.046395091521203802e-01
4.599599599599599742e-01 7.366681826698494584e-01
4.604604604604604634e-01 7.048195657220150956e-01
4.609609609609609526e-01 8.235091930063236365e-01
4.614614614614614418e-01 7.539235860656063881e-01
4.619619619619619311e-01 8.493233829839411664e-01
4.624624624624624758e-01 1.265988408862055437e+00
4.629629629629629650e-01 2.842650952275200260e-01
4.634634634634634542e-01 7.375624449054295484e-01
4.639639639639639435e-01 9.287351712630429468e-01
4.644644644644644327e-01 5.967161762312706008e-01
4.649649649649649774e-01 3.682713686839896305e-01
4.654654654654654666e-01 5.737933718861922827e-01
4.659659659659659559e-01 5.559356771802810293e-01
4.664664664664664451e-01 2.158472343086777490e-01
4.669669669669669898e-01 1.102349022132516065e+00
4.674674674674674790e-01 3.522856427191081163e-01
4.679679679679679682e-01 6.123730068868601384e-01
4.684684684684684575e-01 4.654609598910112722e-01
4.689689689689689467e-01 2.305636552509149340e-01
4.694694694694694914e-01 1.091038479814947060e+00
4.699699699699699806e-01 6.290100852573305978e-01
4.704704704704704699e-01 8.074988113914207677e-01
4.709709709709709591e-01 6.772832679877661688e-01
4.714714714714714483e-01 -1.119839702078295751e-01
4.719719719719719930e-01 5.804227164220266966e-01
4.724724724724724823e-01 3.865428373418012820e-01
4.729729729729729715e-01 7.419155357939294371e-01
4.734734734734734607e-01 7.035886670008174582e-01
4.739739739739739499e-01 8.351640917557934252e-01
4.744744744744744946e-01 9.552917643481171339e-01
4.749749749749749839e-01 2.034082560253153149e-02
4.754754754754754731e-01 8.442436654901941395e-01
4.759759759759759623e-01 9.398518094964053438e-02
4.764764764764764515e-01 8.742225631339552994e-01
4.769769769769769963e-01 6.518258180768710108e-01
4.774774774774774855e-01 6.459090112318269794e-01
4.779779779779779747e-01 2.789717656720215322e-01
4.784784784784784639e-01 6.432866240867994856e-01
4.789789789789789531e-01 3.225969180136516457e-01
4.794794794794794979e-01 2.287013809407404119e-01
4.799799799799799871e-01 2.165902991353112206e-01
4.804804804804804763e-01 9.827820839134996378e-01
4.809809809809809655e-01 4.484987432807568397e-01
4.814814814814814548e-01 2.271077565308194934e-01
4.819819819819819995e-01 -1.948587744319737469e-01
4.824824824824824887e-01 2.274117545573994259e-01
4.829829829829829779e-01 -1.080360229499121583e-01
4.834834834834834671e-01 1.127788343797123949e-01
4.839839839839839564e-01 5.521773129347713471e-01
4.844844844844845011e-01 5.401908781461861597e-01
4.849849849849849903e-01 1.882353963096302096e-01
4.854854854854854795e-01 4.790077543236795909e-01
4.859859859859859688e-01 2.747258538003691797e-01
4.864864864864864580e-01 3.434108531624566196e-01
4.869869869869870027e-01 9.028282404252435667e-01
4.874874874874874919e-01 8.112185677719332411e-01
4.879879879879879812e-01 7.447622134200693189e-01
4.884884884884884704e-01 1.760619342168037726e-01
4.889889889889889596e-01 -4.408819765622570830e-02
4.894894894894895043e-01 6.579443376802682764e-01
4.899899899899899935e-01 3.235506026851323602e-01
4.904904904904904828e-01 2.684729977758512076e-01
4.909909909909909720e-01 3.692608158537062923e-01
4.914914914914914612e-01 3.033322666224999575e-01
4.919919919919920059e-01 1.048024388520884254e-01
4.924924924924924952e-01 5.900325453460282532e-02
4.929929929929929844e-01 -2.139666611281387243e-01
4.934934934934934736e-01 -2.523126689428539793e-01
4.939939939939939628e-01 -3.331180895611156600e-01
4.944944944944945076e-01 2.782258036620267605e-01
4.949949949949949968e-01 1.240485758275483436e-01
4.954954954954954860e-01 -2.339652938152980699e-02
4.959959959959959752e-01 2.877914459731544250e-01
4.964964964964965199e-01 1.383290652093236428e-01
4.969969969969970092e-01 7.552435854644258539e-02
4.974974974974974984e-01 6.889387678711517138e-02
4.979979979979979876e-01 -1.911678889856265051e-01
4.984984984984984768e-01 3.719680270706592906e-01
4.989989989989990216e-01 -1.377578366562923207e-01
4.994994994994995108e-01 -2.779800719324951319e-01
5.000000000000000000e-01 1.984260827171593355e-01
