2.999999999999999889e-01 7.236176306738348885e-01
3.005005005005004781e-01 1.048600163290078768e+00
3.010010010010009673e-01 5.608707762416151876e-01
3.015015015015015121e-01 1.460480149224087532e+00
3.020020020020020013e-01 9.752852618559151310e-01
3.025025025025024905e-01 5.464556423463711177e-01
3.030030030030029797e-01 9.031115788055108506e-01
3.035035035035034690e-01 9.143160407367730835e-01
3.040040040040040137e-01 9.238934052718325018e-01
3.045045045045045029e-01 1.250207347013343240e+00
3.050050050050049921e-01 1.986184801077859330e-01
3.055055055055054813e-01 1.369771096859988102e+00
3.060060060060059706e-01 1.127319251924100207e+00
3.065065065065065153e-01 1.513970580336426730e+00
3.070070070070070045e-01 4.876956212303792948e-01
3.075075075075074937e-01 4.717026338235931759e-01
3.080080080080079830e-01 1.168705866677992145e+00
3.085085085085084722e-01 8.582872456257754079e-01
3.090090090090090169e-01 8.122201521616364550e-01
3.095095095095095061e-01 1.237939548892430519e+00
3.100100100100099954e-01 9.247288685380339324e-01
3.105105105105104846e-01 8.657011177481725994e-01
3.110110110110109738e-01 6.214861765308745678e-01
3.115115115115115185e-01 6.619677672408759150e-01
3.120120120120120077e-01 1.051559221978789926e+00
3.125125125125124970e-01 6.431849440430323916e-01
3.130130130130129862e-01 9.572610915030322909e-01
3.135135135135135309e-01 3.132205922007837984e-01
3.140140140140140201e-01 1.288559816949867987e+00
3.145145145145145094e-01 1.027691861232317594e+00
3.150150150150149986e-01 6.211546276062679395e-01
3.155155155155154878e-01 7.534544868877712798e-01
3.160160160160160325e-01 9.823733597188812894e-01
3.165165165165165218e-01 8.372975673898502835e-01
3.170170170170170110e-01 1.243818032750640734e+00
3.175175175175175002e-01 1.182076057601818997e+00
3.180180180180179894e-01 1.720854108494703549e+00
3.185185185185185341e-01 5.676444782317624504e-01
3.190190190190190234e-01 4.785998240276885252e-01
3.195195195195195126e-01 1.684437831276424657e-01
3.200200200200200018e-01 5.934965634945944535e-01
3.205205205205204910e-01 2.226221791582163601e-01
3.210210210210210358e-01 8.818206557742349627e-01
3.215215215215215250e-01 1.185028537909868174e+00
3.220220220220220142e-01 7.756179113629158017e-01
3.225225225225225034e-01 1.444791418288309037e+00
3.230230230230229926e-01 4.061873167229156367e-01
3.235235235235235374e-01 -1.885825920376521525e-01
3.240240240240240266e-01 3.796239400866685543e-01
3.245245245245245158e-01 -1.058668013135588559e-03
3.250250250250250050e-01 7.719184700554375667e-01
3.255255255255254943e-01 7.859604499182905046e-01
3.260260260260260390e-01 -3.658144435564690822e-01
3.265265265265265282e-01 9.156509264552865623e-01
3.270270270270270174e-01 2.183017709117080485e-01
3.275275275275275066e-01 6.479913261882972453e-01
3.280280280280279959e-01 6.906032900992443713e-01
3.285285285285285406e-01 5.399674850658708891e-01
3.290290290290290298e-01 5.724926934732588180e-01
3.295295295295295190e-01 9.648750120418635445e-01
3.300300300300300083e-01 3.462315001811772097e-01
3.305305305305304975e-01 1.770604310620914057e-01
3.310310310310310422e-01 3.885479752398361408e-01
3.315315315315315314e-01 1.066076980619594106e-01
3.320320320320320207e-01 1.017283762465703179e+00
3.325325325325325099e-01 3.946952723253346340e-01
3.330330330330329991e-01 8.722999819232126750e-01
3.335335335335335438e-01 8.390055913102965057e-01
3.340340340340340330e-01 6.694484104933455804e-01
3.345345345345345223e-01 4.957455702240838313e-01
3.350350350350350115e-01 5.223003024142730544e-02
3.355355355355355007e-01 5.618800259445007050e-01
3.360360360360360454e-01 4.584496055493332833e-01
3.365365365365365347e-01 3.685791932502403556e-01
3.370370370370370239e-01 3.540835584507570077e-01
3.375375375375375131e-01 4.389978570034273608e-01
3.380380380380380023e-01 -1.595063258545064699e-01
3.385385385385385471e-01 6.097816210274111803e-01
3.390390390390390363e-01 3.431823871203908971e-01
3.395395395395395255e-01 4.451806512471334631e-02
3.400400400400400147e-01 7.333290833428878219e-01
3.405405405405405039e-01 -4.716419997716913004e-01
3.410410410410410487e-01 6.582260003285528294e-01
3.415415415415415379e-01 -1.480922460426492004e-01
3.420420420420420271e-01 8.529665012708756433e-02
3.425425425425425163e-01 2.513408130905993021e-01
3.430430430430430055e-01 2.733029643197256719e-01
3.435435435435435503e-01 3.587686943640470139e-01
3.440440440440440395e-01 4.580103688083300706e-01
3.445445445445445287e-01 2.356347652652092672e-01
3.450450450450450179e-01 5.131716951956772910e-01
3.455455455455455072e-01 -1.573335981929093186e-01
3.460460460460460519e-01 5.470205667474166145e-01
3.465465465465465411e-01 1.078673664048246938e-01
3.470470470470470303e-01 3.320484168365007704e-01
3.475475475475475196e-01 5.843101742437062374e-01
3.480480480480480088e-01 4.617971479769815146e-01
3.485485485485485535e-01 -6.472140421844452263e-02
3.490490490490490427e-01 -1.436947576490887613e-01
3.495495495495495319e-01 -1.923014611841369903e-01
3.500500500500500212e-01 3.183748851532235413e-01
3.505505505505505104e-01 2.658977127011875607e-01
3.510510510510510551e-01 5.972487222030348208e-01
3.515515515515515443e-01 7.875280098210186708e-01
3.520520520520520336e-01 3.600799437125961622e-01
3.525525525525525228e-01 -2.541843632951353293e-01
3.530530530530530120e-01 -3.786374849706532486e-01
3.535535535535535567e-01 -3.270052598553338519e-01
3.540540540540540460e-01 1.792153118346173912e-01
3.545545545545545352e-01 3.886286150627130120e-02
3.550550550550550244e-01 1.209782569227080273e-01
3.555555555555555136e-01 -4.101647178058060450e-01
3.560560560560560583e-01 8.259648179332283735e-02
3.565565565565565476e-01 -2.542819790129251523e-01
3.570570570570570368e-01 -1.367223877526067000e-01
3.575575575575575260e-01 1.962333203984588104e-01
3.580580580580580152e-01 -1.256024495146829123e-02
3.585585585585585600e-01 -3.977576558994630473e-01
3.590590590590590492e-01 -3.842580657241075337e-01
3.595595595595595384e-01 1.054660927038769680e-01
3.600600600600600276e-01 -1.661786414769976239e-01
3.605605605605605724e-01 1.915559046248601072e-01
3.610610610610610616e-01 -2.554325151852934184e-01
3.615615615615615508e-01 -3.182694744874217108e-01
3.620620620620620400e-01 -1.041211570021022270e-01
3.625625625625625847e-01 -4.903791290159386640e-01
3.630630630630630185e-01 4.047778954330862877e-01
3.635635635635635632e-01 5.910054988471605264e-02
3.640640640640640524e-01 1.007964801779195896e-01
3.645645645645645416e-01 1.646004026927816444e-01
3.650650650650650864e-01 -5.471384273066710602e-01
3.655655655655655201e-01 -4.422425400125407080e-01
3.660660660660660648e-01 -6.243201328056027233e-01
3.665665665665665540e-01 8.157611415303550606e-02
3.670670670670670432e-01 -3.129387057869572053e-01
3.675675675675675880e-01 -7.687098267498341242e-01
3.680680680680680217e-01 3.061574869324463766e-01
3.685685685685685664e-01 -8.294325998157695001e-02
3.690690690690690556e-01 -2.384676563039974106e-01
3.695695695695695449e-01 -6.318748286384261448e-01
3.700700700700700896e-01 -6.488587003840595724e-01
3.705705705705705788e-01 -2.232879190517823575e-01
3.710710710710710680e-01 -8.259808646865552939e-01
3.715715715715715572e-01 -4.809429673784499926e-01
3.720720720720720465e-01 -3.344735010781405005e-01
3.725725725725725912e-01 -7.405204337850324059e-01
3.730730730730730804e-01 -5.517670431550432131e-01
3.735735735735735696e-01 -4.813215767076597373e-01
3.740740740740740589e-01 -3.932462764926722421e-01
3.745745745745745481e-01 1.002243160522739429e-01
3.750750750750750928e-01 -2.345774361912747463e-01
3.755755755755755820e-01 -6.573218781827809831e-01
3.760760760760760713e-01 -6.507732149992035975e-01
3.765765765765765605e-01 -1.885363908187512039e-01
3.770770770770770497e-01 -1.212682992403682825e+00
3.775775775775775944e-01 -2.531270867820641923e-01
3.780780780780780836e-01 -2.874173870828248267e-01
3.785785785785785729e-01 2.916513134777850569e-01
3.790790790790790621e-01 -2.734229445883462062e-01
3.795795795795795513e-01 -7.612223373809536842e-01
3.800800800800800960e-01 -8.059277857306594850e-01
3.805805805805805853e-01 -1.207153135169396485e-01
3.810810810810810745e-01 -1.759585243285947675e-01
3.815815815815815637e-01 -1.227251181572694416e-01
3.820820820820820529e-01 -7.688987432735489014e-02
3.825825825825825977e-01 -7.214158796343028701e-01
3.830830830830830869e-01 -2.228832653211114123e-01
3.835835835835835761e-01 -5.411185810298171361e-01
3.840840840840840653e-01 9.342818388812124120e-02
3.845845845845845545e-01 -1.175097555757126933e-01
3.850850850850850993e-01 -7.001285273268053055e-01
3.855855855855855885e-01 -1.004932007767436852e+00
3.860860860860860777e-01 -8.756878491564241695e-01
3.865865865865865669e-01 -5.930435721597683285e-01
3.870870870870870561e-01 -9.072376902374563734e-01
3.875875875875876009e-01 2.581232044167569573e-02
3.880880880880880901e-01 -8.104720207910828256e-01
3.885885885885885793e-01 -5.933751704322789422e-01
3.890890890890890685e-01 -1.110228287477211140e+00
3.895895895895895578e-01 -1.146228599843289064e+00
3.900900900900901025e-01 -7.876307751836516546e-01
3.905905905905905917e-01 -6.290435854572041796e-01
3.910910910910910809e-01 -5.307142121188157535e-02
3.915915915915915702e-01 -1.007077783700780049e+00
3.920920920920920594e-01 -3.868840698816672363e-01
3.925925925925926041e-01 -6.085657606310772572e-01
3.930930930930930933e-01 -6.722724267590022285e-01
3.935935935935935825e-01 -7.549935954113684566e-01
3.940940940940940718e-01 -1.096450518197899182e+00
3.945945945945945610e-01 -8.019916087593874643e-01
3.950950950950951057e-01 -1.010631765235003643e+00
3.955955955955955949e-01 -1.198142160279234147e+00
3.960960960960960842e-01 -1.095463129993304863e+00
3.965965965965965734e-01 -7.248288647855630762e-01
3.970970970970970626e-01 -4.358653250578322647e-01
3.975975975975976073e-01 -3.553666030725832203e-01
3.980980980980980966e-01 -8.727427691168890833e-01
3.985985985985985858e-01 -4.815169827651210599e-01
3.990990990990990750e-01 -4.710167773221203280e-01
3.995995995995995642e-01 -7.272369628221126980e-01
4.001001001001001089e-01 -9.766476146732294694e-01
4.006006006006005982e-01 -7.448833363797141560e-01
4.011011011011010874e-01 -1.052167446068032364e+00
4.016016016016015766e-01 -3.457679010506262696e-01
4.021021021021020658e-01 -5.932999603390849419e-01
4.026026026026026106e-01 -8.718246560963706093e-01
4.031031031031030998e-01 -1.346342304854390104e+00
4.036036036036035890e-01 -7.926504517709562769e-01
4.041041041041040782e-01 -7.135743636633273823e-01
4.046046046046045674e-01 -1.028720681765814549e+00
4.051051051051051122e-01 -8.285415782040033150e-01
4.056056056056056014e-01 -1.687401204666400645e+00
4.061061061061060906e-01 -5.009804595735645183e-01
4.066066066066065798e-01 -7.759291426630531285e-01
4.071071071071070691e-01 -1.322816416298054687e+00
4.076076076076076138e-01 -3.075611914306786154e-01
4.081081081081081030e-01 -2.431564092912857911e-01
4.086086086086085922e-01 -1.021981788328159890e+00
4.091091091091090814e-01 -7.219895678260337402e-01
4.096096096096095707e-01 -8.307450680204433446e-01
4.101101101101101154e-01 -4.182607117482413650e-01
4.106106106106106046e-01 -1.233468900988474060e+00
4.111111111111110938e-01 -1.031291971936615592e+00
4.116116116116115831e-01 -8.608189834058130874e-01
4.121121121121120723e-01 -7.178015878800554361e-01
4.126126126126126170e-01 -8.379452023245868020e-01
4.131131131131131062e-01 -5.686074922902084605e-01
4.136136136136135955e-01 -9.316393965316502879e-01
4.141141141141140847e-01 -1.525280871644991043e+00
4.146146146146145739e-01 -1.160986306237633769e+00
4.151151151151151186e-01 -1.419863349664485686e+00
4.156156156156156078e-01 -1.193178884390349026e+00
4.161161161161160971e-01 -8.416706551626262911e-01
4.166166166166165863e-01 -1.622710361387763367e+00
4.171171171171170755e-01 -1.438024342169930359e+00
4.176176176176176202e-01 -5.895338460328962693e-01
4.181181181181181095e-01 -1.304872266308137574e+00
4.186186186186185987e-01 -3.558081009265202654e-01
4.191191191191190879e-01 -1.212460787533292006e+00
4.196196196196195771e-01 -1.053047593332069098e+00
4.201201201201201219e-01 -9.887358603328797457e-01
4.206206206206206111e-01 -9.674372082158958497e-01
4.211211211211211003e-01 -1.225077293713872972e+00
4.216216216216215895e-01 -1.358886150956156946e+00
4.221221221221220787e-01 -7.282606880807207528e-01
4.226226226226226235e-01 -1.079360137251578866e+00
4.231231231231231127e-01 -1.444751640582745189e+00
4.236236236236236019e-01 -9.544487553208989006e-01
4.241241241241241466e-01 -1.141703494149042486e+00
4.246246246246245803e-01 -5.586645178641579390e-01
4.251251251251251251e-01 -6.248632341569950732e-01
4.256256256256256143e-01 -1.113159761751038923e+00
4.261261261261261035e-01 -1.649082142150826602e+00
4.266266266266266483e-01 -1.089761237505883607e+00
4.271271271271270820e-01 -8.662929954025055945e-01
4.276276276276276267e-01 -8.937243690959197906e-01
4.281281281281281159e-01 -1.167395671447571948e+00
4.286286286286286051e-01 -1.388762183939692196e+00
4.291291291291291499e-01 -9.485966602896575006e-01
4.296296296296295836e-01 -1.035328702664143119e+00
4.301301301301301283e-01 -1.010658114295495125e+00
4.306306306306306175e-01 -8.726147800453643022e-01
4.311311311311311067e-01 -7.817981311968356106e-01
4.316316316316316515e-01 -1.773425313839339879e+00
4.321321321321320852e-01 -1.066743901566483022e+00
4.326326326326326299e-01 -7.161987910527939372e-01
4.331331331331331191e-01 -1.435922240881450263e+00
4.336336336336336084e-01 -9.852034786301359093e-01
4.341341341341341531e-01 -7.080910589074301820e-01
4.346346346346345868e-01 -1.014407057329335782e+00
4.351351351351351315e-01 -1.221491220569731473e+00
4.356356356356356208e-01 -1.457976882091567283e+00
4.361361361361361100e-01 -3.453830392038058639e-01
4.366366366366366547e-01 -8.405995395750078814e-01
4.371371371371370884e-01 -9.002408356618210039e-01
4.376376376376376331e-01 -1.040197583432825201e+00
4.381381381381381224e-01 -1.097239375616870349e+00
4.386386386386386116e-01 -1.529406449398578394e+00
4.391391391391391563e-01 -1.618561597026649368e+00
4.396396396396395900e-01 -9.959848894367804295e-01
4.401401401401401348e-01 -1.342753745978658708e+00
4.406406406406406240e-01 -8.282683380792352779e-01
4.411411411411411132e-01 -1.632277325443779903e+00
4.416416416416416579e-01 -1.635031873046107975e+00
4.421421421421420916e-01 -1.656885831089313976e+00
4.426426426426426364e-01 -1.251122427035105789e+00
4.431431431431431256e-01 -1.744242227389533717e+00
4.436436436436436148e-01 -1.939592634655142200e+00
4.441441441441441595e-01 -1.471411630720060870e+00
4.446446446446445933e-01 -1.236334720382831653e+00
4.451451451451451380e-01 -1.384449694054057822e+00
4.456456456456456272e-01 -1.300361780709795578e+00
4.461461461461461164e-01 -1.233784881168813685e+00
4.466466466466466612e-01 -1.883995594921390238e+00
4.471471471471470949e-01 -1.835756332175937589e+00
4.476476476476476396e-01 -1.946886144015541387e+00
4.481481481481481288e-01 -7.755762968243730127e-01
4.486486486486486180e-01 -1.512447175330920324e+00
4.491491491491491628e-01 -1.818369562269283035e+00
4.496496496496495965e-01 -8.616965771483398040e-01
4.501501501501501412e-01 -6.502158780804547789e-01
4.506506506506506304e-01 -1.707273662616411114e+00
4.511511511511511197e-01 -1.245990631038826235e+00
4.516516516516516644e-01 -2.156134434899524166e+00
4.521521521521521536e-01 -1.732795616543997719e+00
4.526526526526526428e-01 -1.822189648184473043e+00
4.531531531531531320e-01 -1.583158071015418500e+00
4.536536536536536213e-01 -9.382754095344135736e-01
4.541541541541541660e-01 -1.561661396785815947e+00
4.546546546546546552e-01 -7.846947794772690665e-01
4.551551551551551444e-01 -2.254647780882592656e+00
4.556556556556556337e-01 -1.655720768448110336e+00
4.561561561561561229e-01 -9.745006573838632669e-01
4.566566566566566676e-01 -1.703552116022757801e+00
4.571571571571571568e-01 -1.927052188235191199e+00
4.576576576576576461e-01 -1.728210703319871699e+00
4.581581581581581353e-01 -1.090863496677278111e+00
4.586586586586586245e-01 -1.808943226163355344e+00
4.591591591591591692e-01 -1.386179136774130294e+00
4.596596596596596584e-01 -2.260351125822753993e+00
4.601601601601601477e-01 -1.008291723664366035e+00
4.606606606606606369e-01 -1.769415554511587496e+00
4.611611611611611261e-01 -1.167074665227648023e+00
4.616616616616616708e-01 -2.239005882898374544e+00
4.621621621621621601e-01 -1.085256679122403645e+00
4.626626626626626493e-01 -1.358723835445561967e+00
4.631631631631631385e-01 -1.872104158747432967e+00
4.636636636636636277e-01 -7.193241045234258779e-01
4.641641641641641725e-01 -1.957051823794766499e+00
4.646646646646646617e-01 -1.610950411824195294e+00
4.651651651651651509e-01 -1.652852287061234104e+00
4.656656656656656401e-01 -2.298107748517366655e+00
4.661661661661661293e-01 -1.216276505379104256e+00
4.666666666666666741e-01 -1.554807467284844424e+00
4.671671671671671633e-01 -1.411347373219734136e+00
4.676676676676676525e-01 -2.075882983758881473e+00
4.681681681681681417e-01 -1.030529518990959570e+00
4.686686686686686309e-01 -1.440273935791923643e+00
4.691691691691691757e-01 -1.740587405291444290e+00
4.696696696696696649e-01 -1.546932635962717795e+00
4.701701701701701541e-01 -2.179864548886832232e+00
4.706706706706706989e-01 -1.094171237086393411e+00
4.711711711711711326e-01 -2.100902824603953167e+00
4.716716716716716773e-01 -1.918851160662052635e+00
4.721721721721721665e-01 -1.405236671952875938e+00
4.726726726726726557e-01 -1.579518856773701962e+00
4.731731731731732005e-01 -1.995385114641353708e+00
4.736736736736736342e-01 -1.064163524372180092e+00
4.741741741741741789e-01 -1.468315514495998730e+00
4.746746746746746681e-01 -1.397923737459498161e+00
4.751751751751751573e-01 -1.695102670148084467e+00
4.756756756756757021e-01 -1.659858363105067403e+00
4.761761761761761358e-01 -1.789010954224552474e+00
4.766766766766766805e-01 -1.873118267431164163e+00
4.771771771771771697e-01 -2.194602180459630514e+00
4.776776776776776590e-01 -2.012069844461670698e+00
4.781781781781782037e-01 -1.686643674196686815e+00
4.786786786786786374e-01 -2.358454253713909488e+00
4.791791791791791821e-01 -2.033049567355695864e+00
4.796796796796796714e-01 -2.028633653879936993e+00
4.801801801801801606e-01 -1.838698419263121275e+00
4.806806806806807053e-01 -1.881445812788215877e+00
4.811811811811811390e-01 -1.768921539958441480e+00
4.816816816816816837e-01 -1.557653835255826902e+00
4.821821821821821730e-01 -1.687611281815444730e+00
4.826826826826826622e-01 -1.954210666992084677e+00
4.831831831831832069e-01 -1.484646943242254435e+00
4.836836836836836406e-01 -2.027326538183942262e+00
4.841841841841841854e-01 -1.360395220564805108e+00
4.846846846846846746e-01 -1.723112732597183783e+00
4.851851851851851638e-01 -1.691791686793245431e+00
4.856856856856857085e-01 -1.770915033594081311e+00
4.861861861861861422e-01 -1.864571636574837488e+00
4.866866866866866870e-01 -1.707566189914689003e+00
4.871871871871871762e-01 -1.343069941012465796e+00
4.876876876876876654e-01 -1.398286205536307225e+00
4.881881881881882101e-01 -1.963647973607748121e+00
4.886886886886886439e-01 -2.271590753603642376e+00
4.891891891891891886e-01 -1.916883218711860737e+00
4.896896896896896778e-01 -1.299226530572201499e+00
4.901901901901901670e-01 -1.179697904024034738e+00
4.906906906906907118e-01 -1.709315802810706941e+00
4.911911911911911455e-01 -2.217543515417091715e+00
4.916916916916916902e-01 -2.417113434347828438e+00
4.921921921921921794e-01 -1.900258649778761022e+00
4.926926926926926686e-01 -1.737687694885488909e+00
4.931931931931932134e-01 -1.837834649493499395e+00
4.936936936936936471e-01 -1.626631128174116814e+00
4.941941941941941918e-01 -1.893726389622454986e+00
4.946946946946946810e-01 -1.630468945278220616e+00
4.951951951951951703e-01 -1.968672256274424992e+00
4.956956956956957150e-01 -1.987926834228527229e+00
4.961961961961961487e-01 -2.184349114165428762e+00
4.966966966966966934e-01 -2.049655963392446267e+00
4.971971971971971826e-01 -2.042166746027715973e+00
4.976976976976976719e-01 -2.132323893059603570e+00
4.981981981981982166e-01 -1.521477574593267157e+00
4.986986986986986503e-01 -2.279843251774155810e+00
4.991991991991991950e-01 -2.048425254876997670e+00
4.996996996996996843e-01 -1.313125479064105594e+00
5.002002002002001735e-01 -2.103085362232572919e+00
5.007007007007007182e-01 -1.700724168795261226e+00
5.012012012012011519e-01 -2.134396002927831493e+00
5.017017017017016967e-01 -1.739586821035016495e+00
5.022022022022021304e-01 -1.401071162354361466e+00
5.027027027027026751e-01 -2.067203867617901647e+00
5.032032032032032198e-01 -2.605588667522126922e+00
5.037037037037036535e-01 -1.665247275317775610e+00
5.042042042042041983e-01 -1.897150943173248283e+00
5.047047047047046320e-01 -1.981175233583683637e+00
5.052052052052051767e-01 -1.848393604457118089e+00
5.057057057057057214e-01 -2.418756398120003759e+00
5.062062062062061552e-01 -2.057560129362581591e+00
5.067067067067066999e-01 -1.313928941611372858e+00
5.072072072072071336e-01 -1.865031997243470352e+00
5.077077077077076783e-01 -2.194658273178251129e+00
5.082082082082082231e-01 -2.072105303228108930e+00
5.087087087087086568e-01 -1.867211761265641368e+00
5.092092092092092015e-01 -1.953606101449585797e+00
5.097097097097096352e-01 -1.835309530567903913e+00
5.102102102102101799e-01 -1.714143053931885818e+00
5.107107107107107247e-01 -1.984664946369401939e+00
5.112112112112111584e-01 -1.931846837237567005e+00
5.117117117117117031e-01 -1.808023478344026769e+00
5.122122122122121368e-01 -1.409758556772823024e+00
5.127127127127126816e-01 -1.407499065093139379e+00
5.132132132132132263e-01 -1.810592525194354874e+00
5.137137137137136600e-01 -2.187905003797273817e+00
5.142142142142142047e-01 -1.740197411607806277e+00
5.147147147147146384e-01 -1.841792040290738397e+00
5.152152152152151832e-01 -1.783181179557926210e+00
5.157157157157157279e-01 -1.923919588970588679e+00
5.162162162162162726e-01 -2.273881100141342593e+00
5.167167167167167063e-01 -2.072051682397105576e+00
5.172172172172171400e-01 -2.598452593365277785e+00
5.177177177177176848e-01 -2.032297701671241796e+00
5.182182182182182295e-01 -2.141594749495863148e+00
5.187187187187187742e-01 -1.410720432163116822e+00
5.192192192192192080e-01 -1.738461386146729515e+00
5.197197197197196417e-01 -1.601372696988523137e+00
5.202202202202201864e-01 -2.400079842360268945e+00
5.207207207207207311e-01 -1.650460315447939585e+00
5.212212212212212759e-01 -1.941706817093589832e+00
5.217217217217217096e-01 -1.497039080536967548e+00
5.222222222222221433e-01 -2.147657961177551478e+00
5.227227227227226880e-01 -1.226141945343270478e+00
5.232232232232232327e-01 -2.069268123680553906e+00
5.237237237237237775e-01 -1.650569917879496362e+00
5.242242242242242112e-01 -1.560267814423265564e+00
5.247247247247246449e-01 -2.392794174544151886e+00
5.252252252252251896e-01 -1.702196008402292460e+00
5.257257257257257343e-01 -2.368799462698707892e+00
5.262262262262262791e-01 -1.671039695714028328e+00
5.267267267267267128e-01 -1.713261408589177748e+00
5.272272272272271465e-01 -1.726032737043030174e+00
5.277277277277276912e-01 -2.311974996564226448e+00
5.282282282282282360e-01 -2.436339658242371087e+00
5.287287287287287807e-01 -2.111723373154320793e+00
5.292292292292292144e-01 -1.648014806592665193e+00
5.297297297297296481e-01 -1.686947975644878195e+00
5.302302302302301928e-01 -1.229712141899734323e+00
5.307307307307307376e-01 -2.487774080608034843e+00
5.312312312312312823e-01 -1.292227727320781394e+00
5.317317317317317160e-01 -1.935061834780515078e+00
5.322322322322321497e-01 -1.530411941634350015e+00
5.327327327327326945e-01 -2.308426237602824838e+00
5.332332332332332392e-01 -2.588754623407717226e+00
5.337337337337337839e-01 -2.275823029874251890e+00
5.342342342342342176e-01 -1.946631640110179307e+00
5.347347347347347624e-01 -1.707117802410044849e+00
5.352352352352351961e-01 -1.801314059798403200e+00
5.357357357357357408e-01 -1.469659781837882484e+00
5.362362362362362855e-01 -2.362077679144231723e+00
5.367367367367367192e-01 -2.253854790021674326e+00
5.372372372372372640e-01 -1.973105568078868721e+00
5.377377377377376977e-01 -2.017786544194453136e+00
5.382382382382382424e-01 -1.717289840700716219e+00
5.387387387387387871e-01 -1.890034818249045179e+00
5.392392392392392209e-01 -2.043937676642269885e+00
5.397397397397397656e-01 -2.120879237585834520e+00
5.402402402402401993e-01 -2.447865809586662333e+00
5.407407407407407440e-01 -2.011951519937499544e+00
5.412412412412412888e-01 -1.932143275369343716e+00
5.417417417417417225e-01 -2.485236536960931719e+00
5.422422422422422672e-01 -1.956613287621417063e+00
5.427427427427427009e-01 -2.125154259524618006e+00
5.432432432432432456e-01 -1.707148310932404378e+00
5.437437437437437904e-01 -1.826194303943564412e+00
5.442442442442442241e-01 -1.984438104997055641e+00
5.447447447447447688e-01 -2.045112006468948973e+00
5.452452452452452025e-01 -2.006098023437741684e+00
5.457457457457457473e-01 -2.083168026677790330e+00
5.462462462462462920e-01 -1.566454820505224887e+00
5.467467467467467257e-01 -1.866786576998907821e+00
5.472472472472472704e-01 -2.188535836259520195e+00
5.477477477477477041e-01 -1.788813247232343695e+00
5.482482482482482489e-01 -1.071564293321597638e+00
5.487487487487487936e-01 -1.870086791215656463e+00
5.492492492492492273e-01 -1.824670981645315937e+00
5.497497497497497720e-01 -1.322586632135490436e+00
5.502502502502502058e-01 -1.951952529220607246e+00
5.507507507507507505e-01 -2.093786559792435220e+00
5.512512512512512952e-01 -2.116863068750165944e+00
5.517517517517517289e-01 -2.398743613203009772e+00
5.522522522522521626e-01 -2.154424471341725322e+00
5.527527527527527074e-01 -1.652329410409356436e+00
5.532532532532532521e-01 -2.044740762118868016e+00
5.537537537537537968e-01 -2.365173032190613700e+00
5.542542542542542305e-01 -1.552501151846595651e+00
5.547547547547546642e-01 -2.482198506031313645e+00
5.552552552552552090e-01 -1.902317676408125990e+00
5.557557557557557537e-01 -2.151932672818512859e+00
5.562562562562562984e-01 -2.447192294133252233e+00
5.567567567567567322e-01 -2.120838724217337656e+00
5.572572572572571659e-01 -2.249212919812064282e+00
5.577577577577577106e-01 -2.298624419981227796e+00
5.582582582582582553e-01 -2.333769356481642188e+00
5.587587587587588001e-01 -2.332050072531464124e+00
5.592592592592592338e-01 -2.230871316928788151e+00
5.597597597597596675e-01 -2.032653831403924194e+00
5.602602602602602122e-01 -1.858416411855960293e+00
5.607607607607607569e-01 -2.322254241723544332e+00
5.612612612612613017e-01 -1.757641598333293365e+00
5.617617617617617354e-01 -1.669591294777520885e+00
5.622622622622621691e-01 -1.651667552810974549e+00
5.627627627627627138e-01 -1.917718669060523906e+00
5.632632632632632586e-01 -1.896484530736068708e+00
5.637637637637638033e-01 -1.977131772380130492e+00
5.642642642642642370e-01 -2.527251874595788816e+00
5.647647647647646707e-01 -2.401741279659189487e+00
5.652652652652652154e-01 -2.190393239244266876e+00
5.657657657657657602e-01 -1.978807278967514849e+00
5.662662662662663049e-01 -2.177081382136101251e+00
5.667667667667667386e-01 -1.668879726965229127e+00
5.672672672672671723e-01 -1.975450939388284199e+00
5.677677677677677170e-01 -1.696984279957576058e+00
5.682682682682682618e-01 -1.948069104491745751e+00
5.687687687687688065e-01 -1.850954820867947381e+00
5.692692692692692402e-01 -2.024438592189691466e+00
5.697697697697696739e-01 -2.253945349373367435e+00
5.702702702702702187e-01 -2.048432170744419967e+00
5.707707707707707634e-01 -1.771030941272767389e+00
5.712712712712713081e-01 -2.214392164512692940e+00
5.717717717717717418e-01 -1.405041418523885088e+00
5.722722722722721755e-01 -1.741428612193692160e+00
5.727727727727727203e-01 -1.988839473509885325e+00
5.732732732732732650e-01 -2.004800950612384725e+00
5.737737737737738097e-01 -2.135585488480680194e+00
5.742742742742742434e-01 -2.252631318776773917e+00
5.747747747747747882e-01 -2.296227372296871572e+00
5.752752752752752219e-01 -2.402153250630829184e+00
5.757757757757757666e-01 -2.405739487381456598e+00
5.762762762762763113e-01 -2.039467745471478910e+00
5.767767767767767451e-01 -2.314548873260088069e+00
5.772772772772772898e-01 -2.429814114925370916e+00
5.777777777777777235e-01 -1.870541135090258766e+00
5.782782782782782682e-01 -2.235599316716916807e+00
5.787787787787788130e-01 -2.536604833776916923e+00
5.792792792792792467e-01 -1.893744964076534920e+00
5.797797797797797914e-01 -2.261389993284529165e+00
5.802802802802802251e-01 -1.832950658326597981e+00
5.807807807807807698e-01 -1.234844407995334237e+00
5.812812812812813146e-01 -2.408118150329235707e+00
5.817817817817817483e-01 -2.084414829912472289e+00
5.822822822822822930e-01 -2.112037647433712806e+00
5.827827827827827267e-01 -2.044504071488741914e+00
5.832832832832832715e-01 -2.217061239343415036e+00
5.837837837837838162e-01 -1.897514150289616897e+00
5.842842842842842499e-01 -1.908583731699809549e+00
5.847847847847847946e-01 -2.225074028553454042e+00
5.852852852852852283e-01 -1.541067489137676993e+00
5.857857857857857731e-01 -1.935936080172062645e+00
5.862862862862863178e-01 -2.415080311569681282e+00
5.867867867867867515e-01 -1.519772962688489049e+00
5.872872872872872962e-01 -2.156530184869020594e+00
5.877877877877877300e-01 -2.081430382282114966e+00
5.882882882882882747e-01 -1.975439540583445286e+00
5.887887887887888194e-01 -2.304191987225437277e+00
5.892892892892892531e-01 -2.196371998927000302e+00
5.897897897897897979e-01 -1.351677473404219842e+00
5.902902902902902316e-01 -2.196126845436420449e+00
5.907907907907907763e-01 -1.447382523643990559e+00
5.912912912912913210e-01 -2.153635289933884422e+00
5.917917917917917547e-01 -2.738958510313745265e+00
5.922922922922922995e-01 -2.026613800699803125e+00
5.927927927927927332e-01 -2.083033293139451736e+00
5.932932932932932779e-01 -1.975124322007888011e+00
5.937937937937938226e-01 -1.813114095814979843e+00
5.942942942942942564e-01 -2.165645623840162681e+00
5.947947947947948011e-01 -2.380017645583370811e+00
5.952952952952952348e-01 -1.938976424875339610e+00
5.957957957957957795e-01 -1.584675625705075586e+00
5.962962962962963243e-01 -2.111747533058296433e+00
5.967967967967967580e-01 -2.042156618949315217e+00
5.972972972972973027e-01 -2.975249671062865531e+00
5.977977977977977364e-01 -1.326733157843501765e+00
5.982982982982982811e-01 -2.081158216834691821e+00
5.987987987987988259e-01 -1.541854953811891304e+00
5.992992992992992596e-01 -1.641563385190030200e+00
5.997997997997998043e-01 -1.919895726829212057e+00
6.003003003003002380e-01 -1.544770641170506664e+00
6.008008008008007828e-01 -1.202673344973052227e+00
6.013013013013013275e-01 -2.196588197409925947e+00
6.018018018018017612e-01 -1.801841100877125346e+00
6.023023023023023059e-01 -1.865355769492462956e+00
6.028028028028027396e-01 -1.615032781768820147e+00
6.033033033033032844e-01 -1.702370545531758372e+00
6.038038038038038291e-01 -1.700404711750969744e+00
6.043043043043043738e-01 -1.449285951087576851e+00
6.048048048048048075e-01 -1.788996055448943689e+00
6.053053053053052412e-01 -1.394729376300424484e+00
6.058058058058057860e-01 -1.002260963679752592e+00
6.063063063063063307e-01 -1.525111061153998193e+00
6.068068068068068754e-01 -1.991583220327141079e+00
6.073073073073073092e-01 -2.055428041206369905e+00
6.078078078078077429e-01 -1.207237187231462450e+00
6.083083083083082876e-01 -1.832529722159770724e+00
6.088088088088088323e-01 -1.731820310992706613e+00
6.093093093093093771e-01 -1.590526929437051651e+00
6.098098098098098108e-01 -1.627156673177698076e+00
6.103103103103102445e-01 -2.094713940515969597e+00
6.108108108108107892e-01 -1.676396906903362183e+00
6.113113113113113339e-01 -2.073153744379264474e+00
6.118118118118118787e-01 -2.156647248933197591e+00
6.123123123123123124e-01 -1.415567903588490717e+00
6.128128128128127461e-01 -2.447165872083501448e+00
6.133133133133132908e-01 -1.743968992693175624e+00
6.138138138138138356e-01 -9.181443022083225491e-01
6.143143143143143803e-01 -1.471031513127952550e+00
6.148148148148148140e-01 -1.882364073914820191e+00
6.153153153153152477e-01 -1.858872760280129377e+00
6.158158158158157924e-01 -1.579822850899951003e+00
6.163163163163163372e-01 -1.386514593589725175e+00
6.168168168168168819e-01 -2.090935126850805403e+00
6.173173173173173156e-01 -2.077387308847369773e+00
6.178178178178177493e-01 -1.437735515448979262e+00
6.183183183183182940e-01 -1.867011177119286103e+00
6.188188188188188388e-01 -1.528451200999602300e+00
6.193193193193193835e-01 -1.842882675977505880e+00
6.198198198198198172e-01 -1.686071936335909349e+00
6.203203203203202509e-01 -1.366365680622916967e+00
6.208208208208207957e-01 -1.427231571671788712e+00
6.213213213213213404e-01 -1.973740991616667051e+00
6.218218218218218851e-01 -1.592321583170017263e+00
6.223223223223223188e-01 -1.823515938858583318e+00
6.228228228228227525e-01 -1.575816147065967732e+00
6.233233233233232973e-01 -1.661638014163194121e+00
6.238238238238238420e-01 -1.764412531837832310e+00
6.243243243243243867e-01 -1.510069197372017058e+00
6.248248248248248204e-01 -1.932685314706624080e+00
6.253253253253252542e-01 -2.077583555947529970e+00
6.258258258258257989e-01 -1.354995129966659828e+00
6.263263263263263436e-01 -1.565881468894105177e+00
6.268268268268268884e-01 -1.617685151166642354e+00
6.273273273273273221e-01 -1.783015276871875887e+00
6.278278278278277558e-01 -1.345896771016918958e+00
6.283283283283283005e-01 -9.070497939807021792e-01
6.288288288288288452e-01 -1.856804932989013279e+00
6.293293293293293900e-01 -1.888981286665540216e+00
6.298298298298298237e-01 -1.465633523271364869e+00
6.303303303303302574e-01 -1.532089506739612972e+00
6.308308308308308021e-01 -1.598466402795326813e+00
6.313313313313313468e-01 -1.654103486875850404e+00
6.318318318318318916e-01 -1.495997068174918843e+00
6.323323323323323253e-01 -1.803600062614360233e+00
6.328328328328327590e-01 -1.948874293740276320e+00
6.333333333333333037e-01 -1.661628905617487550e+00
6.338338338338338485e-01 -1.791476156258153152e+00
6.343343343343343932e-01 -1.672954974825948016e+00
6.348348348348348269e-01 -1.261734517460427085e+00
6.353353353353352606e-01 -1.821841981797700294e+00
6.358358358358358053e-01 -1.120665313000683394e+00
6.363363363363363501e-01 -1.778893103700418976e+00
6.368368368368368948e-01 -1.453774345718123362e+00
6.373373373373373285e-01 -1.425076521748566583e+00
6.378378378378377622e-01 -2.407341366963850149e+00
6.383383383383383070e-01 -1.753308138190454946e+00
6.388388388388388517e-01 -1.112770123491927166e+00
6.393393393393393964e-01 -1.228547024287134803e+00
6.398398398398398301e-01 -1.715467652948676758e+00
6.403403403403402638e-01 -1.563149425256282754e+00
6.408408408408408086e-01 -1.794654726361612607e+00
6.413413413413413533e-01 -1.559016966656332936e+00
6.418418418418418980e-01 -1.330134992687704854e+00
6.423423423423423317e-01 -1.389911408305697815e+00
6.428428428428427654e-01 -8.280495321178472645e-01
6.433433433433433102e-01 -1.863125602548396875e+00
6.438438438438438549e-01 -1.266341107269914890e+00
6.443443443443443996e-01 -1.479019642046203620e+00
6.448448448448448334e-01 -2.216006610798602061e+00
6.453453453453452671e-01 -1.499868896103346616e+00
6.458458458458458118e-01 -1.587459574216557145e+00
6.463463463463463565e-01 -1.898151858585783724e+00
6.468468468468469013e-01 -1.476581111810904012e+00
6.473473473473473350e-01 -1.546309617625119870e+00
6.478478478478477687e-01 -1.407411069505184908e+00
6.483483483483483134e-01 -1.685443822466299979e+00
6.488488488488488581e-01 -1.620613629288305546e+00
6.493493493493494029e-01 -1.061472351767439815e+00
6.498498498498498366e-01 -1.334171327482395197e+00
6.503503503503502703e-01 -1.558479820003147776e+00
6.508508508508508150e-01 -1.184986514627587972e+00
6.513513513513513598e-01 -1.356811403901248880e+00
6.518518518518519045e-01 -1.918402654101907245e+00
6.523523523523523382e-01 -1.456952388446097313e+00
6.528528528528527719e-01 -1.371767020990277697e+00
6.533533533533533166e-01 -1.673318364978413131e+00
6.538538538538538614e-01 -7.740456596015098389e-01
6.543543543543544061e-01 -1.328610238465177451e+00
6.548548548548548398e-01 -1.397764007633864658e+00
6.553553553553552735e-01 -1.185600079122038908e+00
6.558558558558558182e-01 -1.390505461001718013e+00
6.563563563563563630e-01 -1.004495439298669135e+00
6.568568568568569077e-01 -1.504456100545832120e+00
6.573573573573573414e-01 -1.323501672681544505e+00
6.578578578578577751e-01 -1.229554854721324642e+00
6.583583583583583199e-01 -1.453421760442538568e+00
6.588588588588588646e-01 -1.390851646718854751e+00
6.593593593593594093e-01 -1.712811179434938325e+00
6.598598598598598430e-01 -2.235304814904319315e+00
6.603603603603602767e-01 -8.880606234540155963e-01
6.608608608608608215e-01 -1.546720322154313321e+00
6.613613613613613662e-01 -1.285290698059546877e+00
6.618618618618619109e-01 -1.280402653964195725e+00
6.623623623623623446e-01 -1.087135985539128269e+00
6.628628628628627784e-01 -9.002530909486174959e-01
6.633633633633633231e-01 -1.275356143511799045e+00
6.638638638638638678e-01 -1.273418499262072734e+00
6.643643643643644126e-01 -1.678698036572609631e+00
6.648648648648648463e-01 -1.615311091101051977e+00
6.653653653653652800e-01 -1.205040222477946843e+00
6.658658658658658247e-01 -7.338759178511010672e-01
6.663663663663663694e-01 -1.832721020602199102e+00
6.668668668668669142e-01 -1.061511324848873894e-01
6.673673673673673479e-01 -1.566317831643551539e+00
6.678678678678677816e-01 -1.290094679306053926e+00
6.683683683683683263e-01 -1.044178379260822354e+00
6.688688688688688710e-01 -1.415689972555861598e+00
6.693693693693694158e-01 -5.916602015161901429e-01
6.698698698698698495e-01 -1.430407621089250236e+00
6.703703703703702832e-01 -1.766135261250144417e+00
6.708708708708708279e-01 -1.102065803179500314e+00
6.713713713713713727e-01 -7.904417482276149265e-01
6.718718718718719174e-01 -1.051197724664326705e+00
6.723723723723723511e-01 -1.018034972731110432e+00
6.728728728728727848e-01 -1.630714142895861141e+00
6.733733733733733295e-01 -1.291810659233770142e+00
6.738738738738738743e-01 -9.419271514394126354e-01
6.743743743743744190e-01 -7.645788366989059170e-01
6.748748748748748527e-01 -6.373933159278593052e-01
6.753753753753752864e-01 -1.309762063478904226e+00
6.758758758758758312e-01 -5.939488364870914028e-01
6.763763763763763759e-01 -6.943429576262085678e-01
6.768768768768769206e-01 -1.470225911507124783e+00
6.773773773773773543e-01 -9.435524273720725663e-01
6.778778778778777880e-01 -8.229522925087970897e-01
6.783783783783783328e-01 -2.010960175063094546e+00
6.788788788788788775e-01 -1.213896949181479501e+00
6.793793793793794222e-01 -1.343479286501527259e+00
6.798798798798798559e-01 -7.147687960046853473e-01
6.803803803803802897e-01 -7.930632840705330588e-01
6.808808808808808344e-01 -6.385212716303587666e-01
6.813813813813813791e-01 -1.534696075698484652e+00
6.818818818818819238e-01 -5.086366573086070764e-01
6.823823823823823576e-01 -6.289528571803142398e-01
6.828828828828827913e-01 -1.561899201411320437e+00
6.833833833833833360e-01 -1.433681066254036240e+00
6.838838838838838807e-01 -1.428863678652215752e+00
6.843843843843844255e-01 -1.411332473318015257e+00
6.848848848848848592e-01 -1.295320534757191000e+00
6.853853853853852929e-01 -4.493885938043762351e-01
6.858858858858858376e-01 -9.869336794340051178e-01
6.863863863863863823e-01 -1.342292172185511223e+00
6.868868868868869271e-01 -1.121425530624373446e+00
6.873873873873873608e-01 -1.418625629759704188e+00
6.878878878878877945e-01 -1.166802197612698544e+00
6.883883883883883392e-01 -1.076315668619514998e+00
6.888888888888888840e-01 -1.454667988493242081e+00
6.893893893893894287e-01 -1.151602412905254891e+00
6.898898898898898624e-01 -7.990715456871340105e-01
6.903903903903902961e-01 -1.439840619733366189e+00
6.908908908908908408e-01 -3.941260239172719171e-01
6.913913913913913856e-01 -5.528361689690601821e-01
6.918918918918919303e-01 -1.237294563187615992e+00
6.923923923923923640e-01 -7.804526085197838192e-01
6.928928928928927977e-01 -9.890883579855500596e-01
6.933933933933933424e-01 -1.251592834192566617e+00
6.938938938938938872e-01 -8.347270173743143173e-01
6.943943943943944319e-01 -1.525999874205708595e+00
6.948948948948948656e-01 -5.092990829576111711e-01
6.953953953953952993e-01 -8.204787769176167256e-01
6.958958958958958441e-01 -1.372833511621921687e+00
6.963963963963963888e-01 -8.650369604502059495e-01
6.968968968968969335e-01 -8.858441258873674951e-01
6.973973973973973672e-01 -1.071536023072566568e+00
6.978978978978978009e-01 -8.020898734241614925e-01
6.983983983983983457e-01 -6.881825585961207636e-01
6.988988988988988904e-01 -5.734559844332766110e-01
6.993993993993994351e-01 -6.073731835956595049e-01
6.998998998998998688e-01 -1.197230982687236045e+00
7.004004004004003026e-01 -1.038259155492529118e+00
7.009009009009008473e-01 -1.059485130305106271e+00
7.014014014014013920e-01 -1.087728894072206076e+00
7.019019019019019368e-01 -3.552064935837405124e-01
7.024024024024023705e-01 -6.868202588491277849e-01
7.029029029029029152e-01 -8.585974015556743222e-01
7.034034034034033489e-01 -1.185886328793708033e+00
7.039039039039038936e-01 -9.620835911533223150e-01
7.044044044044044384e-01 -3.282617109822347223e-01
7.049049049049048721e-01 -5.938772763430083534e-01
7.054054054054054168e-01 -3.627637466354529661e-01
7.059059059059058505e-01 -4.760639518881577548e-01
7.064064064064063952e-01 -1.111351163682669618e+00
7.069069069069069400e-01 -6.970389224544975004e-01
7.074074074074073737e-01 -1.074435057213740663e-02
7.079079079079079184e-01 -8.840391528548315891e-01
7.084084084084083521e-01 -6.219250766758032123e-01
7.089089089089088969e-01 -1.141469755054053126e-01
7.094094094094094416e-01 -5.973088935181510850e-01
7.099099099099098753e-01 -7.902150264654633771e-01
7.104104104104104200e-01 6.905275486341655444e-02
7.109109109109108537e-01 -5.866871850758802465e-01
7.114114114114113985e-01 -7.186488706992538722e-01
7.119119119119119432e-01 -6.723634022459739068e-01
7.124124124124123769e-01 -8.177426252359524250e-01
7.129129129129129216e-01 -3.014118652114748387e-01
7.134134134134133554e-01 -2.575442448093517300e-01
7.139139139139139001e-01 -3.398650567854007987e-01
7.144144144144144448e-01 -9.374707812191389600e-01
7.149149149149148785e-01 -4.164143571593106885e-01
7.154154154154154233e-01 -8.262364787646875319e-01
7.159159159159158570e-01 -7.779187048858844378e-01
7.164164164164164017e-01 3.148879718689345797e-02
7.169169169169169464e-01 -6.843213259223537293e-01
7.174174174174173801e-01 -2.786931541155722725e-01
7.179179179179179249e-01 -2.727044763651661485e-01
7.184184184184183586e-01 3.716166571957535414e-02
7.189189189189189033e-01 -6.150678140775193148e-01
7.194194194194194480e-01 -5.129520774046352205e-01
7.199199199199198818e-01 2.855467223849744718e-02
7.204204204204204265e-01 -5.029958901864580723e-01
7.209209209209208602e-01 -4.049992792685424003e-01
7.214214214214214049e-01 -1.245249685846174792e-01
7.219219219219219497e-01 -9.889635368617269995e-01
7.224224224224223834e-01 -5.336139637045564932e-01
7.229229229229229281e-01 -6.108784324213148986e-01
7.234234234234233618e-01 -6.662276505175286356e-01
7.239239239239239065e-01 -6.490486736521419164e-01
7.244244244244244513e-01 -3.582052189388789665e-01
7.249249249249248850e-01 -5.379017093902790370e-01
7.254254254254254297e-01 -7.001551862793664593e-01
7.259259259259258634e-01 -3.942293694994678521e-01
7.264264264264264082e-01 -2.523797728252319961e-01
7.269269269269269529e-01 -2.210508336669569363e-01
7.274274274274273866e-01 -2.396887572460609239e-01
7.279279279279279313e-01 -3.012900724066918667e-01
7.284284284284283650e-01 1.804436758610350466e-02
7.289289289289289098e-01 -5.064194928515223237e-01
7.294294294294294545e-01 9.559091535766678360e-02
7.299299299299298882e-01 -8.242957251977842681e-01
7.304304304304304329e-01 1.176985028062482175e-01
7.309309309309308667e-01 -6.695791621144264738e-01
7.314314314314314114e-01 1.288192595254810668e-01
7.319319319319319561e-01 3.403481259531845327e-01
7.324324324324325008e-01 -4.149008817787714909e-01
7.329329329329329346e-01 -2.625580296200160091e-01
7.334334334334333683e-01 -1.176707342079705704e-01
7.339339339339339130e-01 -2.179287728820806791e-01
7.344344344344344577e-01 -6.760011993870393976e-01
7.349349349349350025e-01 -1.739384572114173189e-01
7.354354354354354362e-01 3.976305587747853698e-01
7.359359359359358699e-01 -1.412461630233436405e-01
7.364364364364364146e-01 3.540699707273810004e-01
7.369369369369369593e-01 1.577939294437428197e-01
7.374374374374375041e-01 -2.064032571718120157e-01
7.379379379379379378e-01 4.035672026936419909e-01
7.384384384384383715e-01 -7.338715019157798780e-02
7.389389389389389162e-01 -6.393683793102212798e-01
7.394394394394394610e-01 4.977065109363312811e-03
7.399399399399400057e-01 -4.859192355462165630e-02
7.404404404404404394e-01 1.523155560896634897e-01
7.409409409409408731e-01 2.149102184953111672e-01
7.414414414414414178e-01 2.201271078260222391e-03
7.419419419419419626e-01 2.137216136812327694e-01
7.424424424424425073e-01 -4.866000879461729323e-01
7.429429429429429410e-01 -2.207744683558843235e-01
7.434434434434433747e-01 9.469770530634419314e-02
7.439439439439439195e-01 2.141432301968146101e-01
7.444444444444444642e-01 -6.088439447861621057e-01
7.449449449449450089e-01 -4.334137443032775039e-01
7.454454454454454426e-01 -1.369106877985666083e-03
7.459459459459458763e-01 4.293277647233521566e-01
7.464464464464464211e-01 8.666877079663326544e-02
7.469469469469469658e-01 -2.881961399592631867e-01
7.474474474474475105e-01 8.804157060283332448e-02
7.479479479479479442e-01 1.057497211459461767e-01
7.484484484484483779e-01 6.245092281540390866e-01
7.489489489489489227e-01 -7.032525074899818873e-02
7.494494494494494674e-01 4.037644757581080324e-01
7.499499499499500121e-01 2.746368659101695586e-01
7.504504504504504458e-01 2.586430085388488065e-01
7.509509509509508796e-01 4.208880116281264461e-01
7.514514514514514243e-01 1.221653014448868424e+00
7.519519519519519690e-01 3.399428720748850496e-01
7.524524524524525138e-01 2.717578110710520689e-01
7.529529529529529475e-01 2.718794613089287604e-01
7.534534534534533812e-01 -1.615280456494137540e-01
7.539539539539539259e-01 -7.282416687697160218e-02
7.544544544544544706e-01 7.718455710117719804e-01
7.549549549549550154e-01 -1.674306533971581246e-01
7.554554554554554491e-01 3.811990207682884879e-01
7.559559559559558828e-01 -1.742166063215497274e-01
7.564564564564564275e-01 1.045582218816138109e+00
7.569569569569569722e-01 1.417020894300469736e-01
7.574574574574575170e-01 2.215243154897848232e-01
7.579579579579579507e-01 -2.138055065519283704e-01
7.584584584584583844e-01 5.147527582899273924e-01
7.589589589589589291e-01 1.586748483761727668e-01
7.594594594594594739e-01 5.284790964684427106e-01
7.599599599599600186e-01 -2.072309998109764240e-01
7.604604604604604523e-01 3.791471415235789788e-01
7.609609609609608860e-01 1.717088636976832339e-02
7.614614614614614307e-01 2.812958157253086511e-01
7.619619619619619755e-01 5.636601451295168985e-01
7.624624624624625202e-01 -6.312992540101436401e-02
7.629629629629629539e-01 6.601015398191218964e-01
7.634634634634633876e-01 -1.757743724728453860e-01
7.639639639639639324e-01 6.336067138387908582e-01
7.644644644644644771e-01 1.545072383983847886e-01
7.649649649649650218e-01 3.738486800420842693e-02
7.654654654654654555e-01 8.374851833277430213e-01
7.659659659659658892e-01 7.817292325587228419e-01
7.664664664664664340e-01 2.977563435495959587e-01
7.669669669669669787e-01 3.053941868606966370e-01
7.674674674674675234e-01 6.287498578268720939e-01
7.679679679679679571e-01 2.784854240948380077e-01
7.684684684684683909e-01 1.944471730997471282e-02
7.689689689689689356e-01 1.048259924746533400e+00
7.694694694694694803e-01 1.013375277617187376e+00
7.699699699699700250e-01 2.788206142763864914e-01
7.704704704704704588e-01 5.181034336698643328e-01
7.709709709709708925e-01 5.701449365463950869e-01
7.714714714714714372e-01 1.098120607404198812e-01
7.719719719719719819e-01 6.949787454843390222e-01
7.724724724724725267e-01 9.256455095201321370e-01
7.729729729729729604e-01 4.373913064720551525e-01
7.734734734734733941e-01 8.704012718707576646e-01
7.739739739739739388e-01 2.457217562974576830e-01
7.744744744744744835e-01 6.160419368472467294e-01
7.749749749749750283e-01 -1.067212679474881520e-01
7.754754754754754620e-01 3.414312031895860855e-02
7.759759759759758957e-01 6.603981229250162066e-01
7.764764764764764404e-01 6.209047888457486231e-01
7.769769769769769852e-01 1.003268583000579639e+00
7.774774774774775299e-01 1.077687576349480869e-01
7.779779779779779636e-01 -8.724574965008147220e-02
7.784784784784783973e-01 4.853320364197001857e-01
7.789789789789789420e-01 2.627303547822734675e-02
7.794794794794794868e-01 -2.488311808871291886e-01
7.799799799799800315e-01 9.226116951529585997e-01
7.804804804804804652e-01 6.179611692684588986e-01
7.809809809809808989e-01 6.573053327946933866e-01
7.814814814814814437e-01 5.373274029957096909e-01
7.819819819819819884e-01 4.958584220382781238e-01
7.824824824824825331e-01 4.750069275687072157e-01
7.829829829829829668e-01 2.933643552304115443e-01
7.834834834834834005e-01 4.304564938751179182e-01
7.839839839839839453e-01 -2.034175037649832429e-02
7.844844844844844900e-01 1.011321674351619349e+00
7.849849849849850347e-01 8.555097590951050712e-01
7.854854854854854684e-01 6.826151557756739985e-01
7.859859859859859021e-01 4.921457498711042655e-01
7.864864864864864469e-01 1.154511842422771384e+00
7.869869869869869916e-01 1.153233187494426160e+00
7.874874874874875363e-01 4.124270756701972629e-01
7.879879879879879701e-01 -9.920924344286863317e-02
7.884884884884884038e-01 1.263702041527555275e+00
7.889889889889889485e-01 1.187361643925216148e+00
7.894894894894894932e-01 9.250843117199258892e-01
7.899899899899900380e-01 1.288466114063170576e+00
7.904904904904904717e-01 8.708407339502809430e-01
7.909909909909909054e-01 4.214661537822438353e-01
7.914914914914914501e-01 5.643581266189140466e-01
7.919919919919919948e-01 7.999250822624376367e-01
7.924924924924925396e-01 5.611698199944522569e-01
7.929929929929929733e-01 1.274139861922191752e+00
7.934934934934934070e-01 8.711417885715464493e-01
7.939939939939939517e-01 9.064788973119093374e-01
7.944944944944944965e-01 1.775012137140946189e+00
7.949949949949950412e-01 9.606474197405496795e-01
7.954954954954954749e-01 9.889169125683845429e-01
7.959959959959959086e-01 1.472738866636344124e+00
7.964964964964964533e-01 1.323997250666427039e+00
7.969969969969969981e-01 8.805389047892904220e-01
7.974974974974975428e-01 5.493933819053278267e-01
7.979979979979979765e-01 1.390143253450835781e+00
7.984984984984984102e-01 1.014027348324761268e+00
7.989989989989989549e-01 1.019994407475973919e+00
7.994994994994994997e-01 1.492468492821432235e+00
8.000000000000000444e-01 1.208714771478653693e+00
