5.999999999999999778e-01 -4.398783205081137626e-01
6.005005005005005225e-01 -3.826767374658746612e-01
6.010010010010009562e-01 2.395782265502771624e-01
6.015015015015015010e-01 -3.737968656933738365e-01
6.020020020020019347e-01 2.972323351971775662e-01
6.025025025025024794e-01 -4.109173307895191418e-01
6.030030030030030241e-01 -5.356286170362292154e-01
6.035035035035034578e-01 -1.485726371373749521e-01
6.040040040040040026e-01 -5.108263477750116799e-01
6.045045045045044363e-01 2.988363592797614876e-01
6.050050050050049810e-01 3.603500070144458611e-01
6.055055055055055258e-01 9.517862575082557119e-02
6.060060060060059595e-01 -3.973231086033510162e-02
6.065065065065065042e-01 4.042292234717962396e-01
6.070070070070069379e-01 4.656064804273800095e-01
6.075075075075074826e-01 3.477822281586836484e-01
6.080080080080080274e-01 4.170999227164107204e-01
6.085085085085084611e-01 3.106438342703967681e-01
6.090090090090090058e-01 -4.419749549667298383e-02
6.095095095095094395e-01 3.551693057804881648e-01
6.100100100100099842e-01 1.491540999625045882e-01
6.105105105105105290e-01 9.828426699023845581e-02
6.110110110110109627e-01 7.041234010350918560e-01
6.115115115115115074e-01 8.400242680037814380e-02
6.120120120120119411e-01 -3.731991142388085825e-01
6.125125125125124859e-01 4.983634169608169850e-01
6.130130130130130306e-01 1.045188807322787294e+00
6.135135135135134643e-01 1.276065939623330925e-01
6.140140140140140090e-01 1.158607616976302379e-01
6.145145145145144427e-01 -4.691449620835136392e-01
6.150150150150149875e-01 3.667592770562930760e-01
6.155155155155155322e-01 2.405027736591765775e-01
6.160160160160159659e-01 2.605592732133892309e-01
6.165165165165165106e-01 -6.170325719980579438e-02
6.170170170170169444e-01 -7.011474570871678580e-02
6.175175175175174891e-01 3.928850265955132204e-01
6.180180180180180338e-01 1.103412713281340718e+00
6.185185185185184675e-01 6.823354120290707758e-01
6.190190190190190123e-01 4.826142780395968890e-01
6.195195195195194460e-01 3.522252383839161727e-01
6.200200200200199907e-01 1.467584950805663757e-01
6.205205205205205354e-01 7.388091980128588254e-01
6.210210210210209691e-01 8.401450770733952522e-01
6.215215215215215139e-01 3.892621831546567712e-01
6.220220220220219476e-01 6.817028487692169403e-01
6.225225225225224923e-01 1.062437647892902515e+00
6.230230230230230370e-01 7.324478104214331431e-01
6.235235235235234708e-01 6.568198343532209993e-01
6.240240240240240155e-01 2.220103164732648571e-01
6.245245245245244492e-01 -1.234048067870752163e-03
6.250250250250249939e-01 4.789075187438444070e-01
6.255255255255255387e-01 2.296311964438468578e-01
6.260260260260259724e-01 2.983618668019644149e-01
6.265265265265265171e-01 7.058372166754018906e-01
6.270270270270270618e-01 1.030062075530025378e+00
6.275275275275274955e-01 2.513570983301978701e-01
6.280280280280280403e-01 1.006187315153587725e-01
6.285285285285284740e-01 1.027098542176540619e+00
6.290290290290290187e-01 5.538926215161034117e-01
6.295295295295295634e-01 7.867035491846671169e-01
6.300300300300299972e-01 6.028337586836629569e-01
6.305305305305305419e-01 4.265733691409981931e-01
6.310310310310309756e-01 5.267517843972351343e-01
6.315315315315315203e-01 8.904936208995049007e-01
6.320320320320320651e-01 7.792506231965510288e-01
6.325325325325324988e-01 6.319491109023006592e-01
6.330330330330330435e-01 4.520684472008212884e-01
6.335335335335334772e-01 5.793639211393577515e-01
6.340340340340340219e-01 7.999255795539422786e-01
6.345345345345345667e-01 6.326654440542187618e-01
6.350350350350350004e-01 9.244423451870988906e-01
6.355355355355355451e-01 1.057597859158472264e+00
6.360360360360359788e-01 3.621454320804587401e-01
6.365365365365365236e-01 8.532914979191760230e-01
6.370370370370370683e-01 7.686489985742765985e-01
6.375375375375375020e-01 4.721494807103590041e-01
6.380380380380380467e-01 1.250941201358956700e+00
6.385385385385384804e-01 2.772772281530921368e-01
6.390390390390390252e-01 1.049964092310465835e+00
6.395395395395395699e-01 9.526541746366966601e-01
6.400400400400400036e-01 6.324087993075143688e-01
6.405405405405405483e-01 4.707932598902453414e-01
6.410410410410409821e-01 5.325867916938464841e-01
6.415415415415415268e-01 1.307981649664609725e+00
6.420420420420420715e-01 1.024297238777097663e+00
6.425425425425425052e-01 1.086651471246751655e+00
6.430430430430430500e-01 1.087361600444973320e+00
6.435435435435434837e-01 2.630563580707766524e-01
6.440440440440440284e-01 7.158665953711390584e-01
6.445445445445445731e-01 1.229013080669330016e+00
6.450450450450450068e-01 1.283322953044672143e+00
6.455455455455455516e-01 1.291474237819910664e+00
6.460460460460459853e-01 4.482796098011325170e-01
6.465465465465465300e-01 8.441082464763279836e-01
6.470470470470470747e-01 1.121801290715702448e+00
6.475475475475475085e-01 1.014312381981859135e+00
6.480480480480480532e-01 1.055489417376523242e+00
6.485485485485484869e-01 9.403860600486265708e-01
6.490490490490490316e-01 5.474471259954010183e-01
6.495495495495495764e-01 7.065961565568917857e-01
6.500500500500500101e-01 6.437417917830505765e-01
6.505505505505505548e-01 1.032331522814188940e+00
6.510510510510509885e-01 9.870950970315699458e-01
6.515515515515515332e-01 1.145416784476930738e+00
6.520520520520520780e-01 2.023463142858401564e-01
6.525525525525525117e-01 1.469043385000713631e+00
6.530530530530530564e-01 5.862880087431767695e-01
6.535535535535534901e-01 9.924052673617124176e-01
6.540540540540540349e-01 1.416908081483775339e-01
6.545545545545545796e-01 1.036591449171415880e+00
6.550550550550550133e-01 1.251594640165143435e+00
6.555555555555555580e-01 1.902422903519018771e+00
6.560560560560559917e-01 7.481267295880965618e-01
6.565565565565565365e-01 8.713347333139871420e-01
6.570570570570570812e-01 1.289464973168651163e+00
6.575575575575575149e-01 1.274550467693714939e+00
6.580580580580580596e-01 5.807513583241481481e-01
6.585585585585584933e-01 5.814670511125981101e-01
6.590590590590590381e-01 7.324455458987897405e-01
6.595595595595595828e-01 1.648834586989242457e+00
6.600600600600600165e-01 1.408131117098359475e+00
6.605605605605605612e-01 1.594114676789380347e+00
6.610610610610609950e-01 1.809203997122104557e+00
6.615615615615615397e-01 1.297777960730797764e+00
6.620620620620620844e-01 1.562340572319248055e+00
6.625625625625625181e-01 6.909161735804802973e-01
6.630630630630630629e-01 1.437501788935511282e+00
6.635635635635634966e-01 9.176771885429032549e-01
6.640640640640640413e-01 3.999349592886196625e-01
6.645645645645645860e-01 1.206638602755631728e+00
6.650650650650650197e-01 9.127534094895928263e-01
6.655655655655655645e-01 1.473232602441393535e+00
6.660660660660659982e-01 1.391728029939051758e+00
6.665665665665665429e-01 1.263341193046884747e+00
6.670670670670670876e-01 1.004721074340960918e+00
6.675675675675675214e-01 7.103704573598074168e-01
6.680680680680680661e-01 4.524590972146276258e-01
6.685685685685684998e-01 1.617426447896813002e+00
6.690690690690690445e-01 1.840015150004654432e+00
6.695695695695695893e-01 1.273855971392793052e+00
6.700700700700700230e-01 1.089622867087321811e+00
6.705705705705705677e-01 1.429911856712830165e+00
6.710710710710710014e-01 1.702479384172910226e+00
6.715715715715715461e-01 1.016224603319576980e+00
6.720720720720720909e-01 1.653319552631780098e+00
6.725725725725725246e-01 1.515558153097734451e+00
6.730730730730730693e-01 1.127948239269047193e+00
6.735735735735735030e-01 2.211309233866296964e+00
6.740740740740740478e-01 1.537304338503324042e+00
6.745745745745745925e-01 9.662349422735270199e-01
6.750750750750750262e-01 1.340636809700670673e+00
6.755755755755755709e-01 1.943294289842609990e+00
6.760760760760760046e-01 9.130190463194032269e-01
6.765765765765765494e-01 1.102344449311998709e+00
6.770770770770770941e-01 9.366974656803219723e-01
6.775775775775775278e-01 1.324281902769246066e+00
6.780780780780780725e-01 1.073287126755248178e+00
6.785785785785785063e-01 1.328931013749494516e+00
6.790790790790790510e-01 1.642418721871291787e+00
6.795795795795795957e-01 1.039287801123140342e+00
6.800800800800800294e-01 9.688011651346142283e-01
6.805805805805805742e-01 1.045513029965535079e+00
6.810810810810810079e-01 1.917977109038191630e+00
6.815815815815815526e-01 1.459637583084407719e+00
6.820820820820820973e-01 1.637068481316604096e+00
6.825825825825825310e-01 2.030650642137689310e+00
6.830830830830830758e-01 1.400004993287693456e+00
6.835835835835835095e-01 1.402886593926270908e+00
6.840840840840840542e-01 1.222620372746587636e+00
6.845845845845845989e-01 1.037262278101098500e+00
6.850850850850850327e-01 1.325936475047303054e+00
6.855855855855855774e-01 1.616037093852942030e+00
6.860860860860860111e-01 1.482821039198391144e+00
6.865865865865865558e-01 1.569144731754311239e+00
6.870870870870871006e-01 1.739886249908005666e+00
6.875875875875875343e-01 1.303031640826016524e+00
6.880880880880880790e-01 1.505499643704657720e+00
6.885885885885885127e-01 1.354601389752051244e+00
6.890890890890890574e-01 1.467643582947151693e+00
6.895895895895896022e-01 1.594984871113809266e+00
6.900900900900900359e-01 1.205082381574280159e+00
6.905905905905905806e-01 1.189127079077219706e+00
6.910910910910910143e-01 1.456995416420846956e+00
6.915915915915915591e-01 1.596983988323548376e+00
6.920920920920921038e-01 1.505483444136460847e+00
6.925925925925925375e-01 2.084083124854779978e+00
6.930930930930930822e-01 1.435013094956632873e+00
6.935935935935935159e-01 6.857186079974449955e-01
6.940940940940940607e-01 2.124391927806164482e+00
6.945945945945946054e-01 2.038977395089346611e+00
6.950950950950950391e-01 1.479036367227410942e+00
6.955955955955955838e-01 1.151948594342815602e+00
6.960960960960960175e-01 1.616552641037156679e+00
6.965965965965965623e-01 1.857416728203964418e+00
6.970970970970971070e-01 1.884680453555164004e+00
6.975975975975975407e-01 2.215915854869888513e+00
6.980980980980980855e-01 1.799801501924532809e+00
6.985985985985985192e-01 2.125353258424423686e+00
6.990990990990990639e-01 1.959442571458811067e+00
6.995995995995996086e-01 1.877777598662073055e+00
7.001001001001000423e-01 2.001950466398452200e+00
7.006006006006005871e-01 2.311144430395985161e+00
7.011011011011010208e-01 1.877831031811753038e+00
7.016016016016015655e-01 2.095958769146654355e+00
7.021021021021021102e-01 1.772402576364056292e+00
7.026026026026025439e-01 1.780997840350669215e+00
7.031031031031030887e-01 1.859909894337342440e+00
7.036036036036035224e-01 1.485806757954936996e+00
7.041041041041040671e-01 1.966210677733817302e+00
7.046046046046046119e-01 1.557507298375599536e+00
7.051051051051050456e-01 2.220652900229818982e+00
7.056056056056055903e-01 1.605253285424859122e+00
7.061061061061060240e-01 1.430445677333770593e+00
7.066066066066065687e-01 1.703355442534918884e+00
7.071071071071071135e-01 1.807998249425747828e+00
7.076076076076075472e-01 2.180062859426090682e+00
7.081081081081080919e-01 1.742909214073995461e+00
7.086086086086085256e-01 1.815152970284081624e+00
7.091091091091090703e-01 2.496943318837990144e+00
7.096096096096096151e-01 1.898424600615024493e+00
7.101101101101100488e-01 1.084597062642898457e+00
7.106106106106105935e-01 2.210190284486325929e+00
7.111111111111110272e-01 2.611983206362169962e+00
7.116116116116115720e-01 2.060372233970094058e+00
7.121121121121121167e-01 1.571142275757931417e+00
7.126126126126125504e-01 1.993372182644682855e+00
7.131131131131130951e-01 2.424470267818789715e+00
7.136136136136135288e-01 1.941287449750497052e+00
7.141141141141140736e-01 2.180396820956674198e+00
7.146146146146146183e-01 1.731668956765214595e+00
7.151151151151150520e-01 1.911211672612087131e+00
7.156156156156155967e-01 2.471807458238640898e+00
7.161161161161160305e-01 1.381451401161897241e+00
7.166166166166165752e-01 2.490730246924855784e+00
7.171171171171171199e-01 1.716651454097050777e+00
7.176176176176175536e-01 1.506902926813019183e+00
7.181181181181180984e-01 2.370506660896118500e+00
7.186186186186186431e-01 2.100632017416228958e+00
7.191191191191190768e-01 2.109675847242549196e+00
7.196196196196196215e-01 2.134882885845446054e+00
7.201201201201200552e-01 2.206208806211989337e+00
7.206206206206206000e-01 1.301146550931475243e+00
7.211211211211211447e-01 2.547558266750441724e+00
7.216216216216215784e-01 2.360954646402300572e+00
7.221221221221221231e-01 1.779574771891557550e+00
7.226226226226225569e-01 2.455468851711859912e+00
7.231231231231231016e-01 2.528406782578174194e+00
7.236236236236236463e-01 1.673279382583342523e+00
7.241241241241240800e-01 2.021483583897848213e+00
7.246246246246246248e-01 1.971462697514174245e+00
7.251251251251251695e-01 1.866184874936238192e+00
7.256256256256256032e-01 1.383581271364713317e+00
7.261261261261260369e-01 1.650448702889457220e+00
7.266266266266265816e-01 2.661399797356625463e+00
7.271271271271271264e-01 2.690022122102718072e+00
7.276276276276276711e-01 2.150565923930674472e+00
7.281281281281281048e-01 2.077300949272224528e+00
7.286286286286285385e-01 2.570062777921477526e+00
7.291291291291290833e-01 1.836836925446177826e+00
7.296296296296296280e-01 2.315692426353822331e+00
7.301301301301301727e-01 2.441379590845844660e+00
7.306306306306306064e-01 2.222308027385226925e+00
7.311311311311310401e-01 2.528752366777970106e+00
7.316316316316315849e-01 2.172913968155453457e+00
7.321321321321321296e-01 2.057021656742089366e+00
7.326326326326326743e-01 2.286676218849942543e+00
7.331331331331331080e-01 2.261984498366498286e+00
7.336336336336335417e-01 1.967051339400377685e+00
7.341341341341340865e-01 2.526064308917133516e+00
7.346346346346346312e-01 2.241528186704559555e+00
7.351351351351351759e-01 2.927872530822783759e+00
7.356356356356356097e-01 1.854835724079580750e+00
7.361361361361360434e-01 2.547007590247548414e+00
7.366366366366365881e-01 2.111690273530929751e+00
7.371371371371371328e-01 2.200745297391398569e+00
7.376376376376376776e-01 2.465200932778402354e+00
7.381381381381381113e-01 2.069392840841271841e+00
7.386386386386386560e-01 2.454890325558419573e+00
7.391391391391390897e-01 2.781670457767098981e+00
7.396396396396396344e-01 2.556359005464662548e+00
7.401401401401401792e-01 2.389909073640725801e+00
7.406406406406406129e-01 2.011169214897715385e+00
7.411411411411411576e-01 2.709780763644892509e+00
7.416416416416415913e-01 2.301509932554347770e+00
7.421421421421421361e-01 2.649784339433854718e+00
7.426426426426426808e-01 2.569807384056674859e+00
7.431431431431431145e-01 2.572574022344164213e+00
7.436436436436436592e-01 2.316749198435235524e+00
7.441441441441440929e-01 2.575119271659002784e+00
7.446446446446446377e-01 2.029507702818666548e+00
7.451451451451451824e-01 2.555870027584397519e+00
7.456456456456456161e-01 3.123585723941305847e+00
7.461461461461461608e-01 2.205844909448266389e+00
7.466466466466465945e-01 2.741966929929861685e+00
7.471471471471471393e-01 2.188905469182661712e+00
7.476476476476476840e-01 1.911071945152459151e+00
7.481481481481481177e-01 2.198204367528100445e+00
7.486486486486486625e-01 3.152805000065896923e+00
7.491491491491490962e-01 2.420193803482574513e+00
7.496496496496496409e-01 2.609081336467672152e+00
7.501501501501501856e-01 2.369993085030269064e+00
7.506506506506506193e-01 1.778255007663191112e+00
7.511511511511511641e-01 2.559942690616766825e+00
7.516516516516515978e-01 2.214748917641379045e+00
7.521521521521521425e-01 3.376403116447189046e+00
7.526526526526526872e-01 2.318878413452444054e+00
7.531531531531531209e-01 2.657331668517944667e+00
7.536536536536536657e-01 2.584647282238426769e+00
7.541541541541540994e-01 2.394685905632815359e+00
7.546546546546546441e-01 2.605682514050768894e+00
7.551551551551551889e-01 2.775570377108740772e+00
7.556556556556556226e-01 2.661226056017918395e+00
7.561561561561561673e-01 2.039857793122672902e+00
7.566566566566566010e-01 2.755228391270717836e+00
7.571571571571571457e-01 2.225587388523601273e+00
7.576576576576576905e-01 2.132663534706657593e+00
7.581581581581581242e-01 2.564497543127370882e+00
7.586586586586586689e-01 2.518570982189008323e+00
7.591591591591591026e-01 2.397752896114578647e+00
7.596596596596596473e-01 2.675771111793969759e+00
7.601601601601601921e-01 2.453394168453580715e+00
7.606606606606606258e-01 2.314420103772325987e+00
7.611611611611611705e-01 2.621502947555059304e+00
7.616616616616616042e-01 2.624253107661220330e+00
7.621621621621621490e-01 2.592525591071089597e+00
7.626626626626626937e-01 2.730934885789253030e+00
7.631631631631631274e-01 2.564775522080737336e+00
7.636636636636636721e-01 2.343360768176735665e+00
7.641641641641641058e-01 2.388843065414531619e+00
7.646646646646646506e-01 2.635352905888283637e+00
7.651651651651651953e-01 2.354256840252990202e+00
7.656656656656656290e-01 3.027721816236387475e+00
7.661661661661661737e-01 3.053549532015586543e+00
7.666666666666666075e-01 3.086953517707232031e+00
7.671671671671671522e-01 2.746412900350688080e+00
7.676676676676676969e-01 2.351387939361879731e+00
7.681681681681681306e-01 2.647800810858040865e+00
7.686686686686686754e-01 2.526965147297059566e+00
7.691691691691691091e-01 2.620675125202406974e+00
7.696696696696696538e-01 2.225262084365184023e+00
7.701701701701701985e-01 3.273154804895185954e+00
7.706706706706706322e-01 3.867029135559811870e+00
7.711711711711711770e-01 2.825141686037774935e+00
7.716716716716716107e-01 2.742268131460228631e+00
7.721721721721721554e-01 3.166206294163659507e+00
7.726726726726727001e-01 3.295931622785008841e+00
7.731731731731731339e-01 2.699622871825378745e+00
7.736736736736736786e-01 2.880390028153206661e+00
7.741741741741741123e-01 2.218723367535936575e+00
7.746746746746746570e-01 3.300798405914354028e+00
7.751751751751752018e-01 2.389322758252165446e+00
7.756756756756756355e-01 3.031166149832022594e+00
7.761761761761761802e-01 2.945142754883260494e+00
7.766766766766766139e-01 2.889051591923841311e+00
7.771771771771771586e-01 2.342543278239139326e+00
7.776776776776777034e-01 3.074693301256770095e+00
7.781781781781781371e-01 2.114310068279278809e+00
7.786786786786786818e-01 2.776777637314283620e+00
7.791791791791791155e-01 2.718504093591085358e+00
7.796796796796796603e-01 2.710405813412479326e+00
7.801801801801802050e-01 2.101712835415520342e+00
7.806806806806806387e-01 2.766274436626035449e+00
7.811811811811811834e-01 3.096143367807778102e+00
7.816816816816816171e-01 2.972864710149378809e+00
7.821821821821821619e-01 3.070411714841749351e+00
7.826826826826827066e-01 2.133274804060212304e+00
7.831831831831831403e-01 2.499113894739751096e+00
7.836836836836836850e-01 2.613089761735318817e+00
7.841841841841841187e-01 2.686536839199734850e+00
7.846846846846846635e-01 3.601673172368006437e+00
7.851851851851852082e-01 2.059595709078406500e+00
7.856856856856856419e-01 2.655044591320142811e+00
7.861861861861861867e-01 2.901960503071672637e+00
7.866866866866866204e-01 3.249072396149331521e+00
7.871871871871871651e-01 2.794922531784806985e+00
7.876876876876877098e-01 2.617391014591481824e+00
7.881881881881881435e-01 3.055080554756633315e+00
7.886886886886886883e-01 2.618325140764429459e+00
7.891891891891891220e-01 3.064940511050644911e+00
7.896896896896896667e-01 2.738603456850427165e+00
7.901901901901902114e-01 2.979163796940506259e+00
7.906906906906906451e-01 2.751038533939919262e+00
7.911911911911911899e-01 2.767598252808516790e+00
7.916916916916916236e-01 2.647944562575154759e+00
7.921921921921921683e-01 3.414102785520790828e+00
7.926926926926927131e-01 3.129341682254223045e+00
7.931931931931931468e-01 3.498833148265841242e+00
7.936936936936936915e-01 2.698669108575616260e+00
7.941941941941941252e-01 2.979864269787867670e+00
7.946946946946946699e-01 2.729437690832379637e+00
7.951951951951952147e-01 3.037221984419641974e+00
7.956956956956956484e-01 3.336579215072698723e+00
7.961961961961961931e-01 2.511126448613651085e+00
7.966966966966966268e-01 3.364804592536866146e+00
7.971971971971971715e-01 3.256179628043928354e+00
7.976976976976977163e-01 2.558360771959113933e+00
7.981981981981981500e-01 2.447715057329653554e+00
7.986986986986986947e-01 2.848321345581100061e+00
7.991991991991991284e-01 2.751719161799512925e+00
7.996996996996996732e-01 3.170776430107980826e+00
8.002002002002002179e-01 2.486125280885398858e+00
8.007007007007006516e-01 3.242851298368864210e+00
8.012012012012011963e-01 2.336630341670563382e+00
8.017017017017016300e-01 2.971003097620779965e+00
8.022022022022021748e-01 3.065466548387584034e+00
8.027027027027027195e-01 2.830321575493210950e+00
8.032032032032031532e-01 2.729913372871762611e+00
8.037037037037036979e-01 3.277292681027483834e+00
8.042042042042041317e-01 2.576744711859948023e+00
8.047047047047046764e-01 2.732177313946560382e+00
8.052052052052052211e-01 2.817515551060180812e+00
8.057057057057056548e-01 2.991728374550675085e+00
8.062062062062061996e-01 3.102459594942272414e+00
8.067067067067066333e-01 3.119962809400521397e+00
8.072072072072071780e-01 3.291678380316089836e+00
8.077077077077077227e-01 2.815453354922173190e+00
8.082082082082081564e-01 3.499234267151192679e+00
8.087087087087087012e-01 3.568125493450082786e+00
8.092092092092091349e-01 2.635271334514525776e+00
8.097097097097096796e-01 2.550048856916139250e+00
8.102102102102102243e-01 2.128206437202789125e+00
8.107107107107106581e-01 2.425962852223165545e+00
8.112112112112112028e-01 2.889001241746814497e+00
8.117117117117116365e-01 3.065290793993967977e+00
8.122122122122121812e-01 2.677400768503889417e+00
8.127127127127127260e-01 3.650657882721464187e+00
8.132132132132131597e-01 3.010146122891107279e+00
8.137137137137137044e-01 2.680976884472818345e+00
8.142142142142141381e-01 3.182870153483117193e+00
8.147147147147146828e-01 3.680616391594939252e+00
8.152152152152152276e-01 2.970807647679862828e+00
8.157157157157156613e-01 2.963635276434540611e+00
8.162162162162162060e-01 3.029496927396682082e+00
8.167167167167166397e-01 3.450597193755025494e+00
8.172172172172171845e-01 2.680702757649191526e+00
8.177177177177177292e-01 2.885897308611290679e+00
8.182182182182181629e-01 2.771138979454033535e+00
8.187187187187187076e-01 2.847997496943683871e+00
8.192192192192191413e-01 3.204551449658980644e+00
8.197197197197196861e-01 2.805485451519472928e+00
8.202202202202202308e-01 3.032604423033228080e+00
8.207207207207206645e-01 3.315977184068479744e+00
8.212212212212212092e-01 2.981177138618174460e+00
8.217217217217216430e-01 3.012833508003692984e+00
8.222222222222221877e-01 2.284076692800983022e+00
8.227227227227227324e-01 3.093587850648666926e+00
8.232232232232231661e-01 2.830543784104567973e+00
8.237237237237237109e-01 2.238645712146630107e+00
8.242242242242241446e-01 3.038861140666241578e+00
8.247247247247246893e-01 3.904945764709888856e+00
8.252252252252252340e-01 2.482389930061978944e+00
8.257257257257256677e-01 3.291945594827550003e+00
8.262262262262262125e-01 3.223432405536688083e+00
8.267267267267266462e-01 3.453846730316077362e+00
8.272272272272271909e-01 2.474319635582601595e+00
8.277277277277277356e-01 2.910145319965747657e+00
8.282282282282281693e-01 3.331497562630558740e+00
8.287287287287287141e-01 2.837075422012799830e+00
8.292292292292291478e-01 3.622382027720490782e+00
8.297297297297296925e-01 2.804125093939533020e+00
8.302302302302302373e-01 2.775403064203224801e+00
8.307307307307306710e-01 3.010243446499927256e+00
8.312312312312312157e-01 3.259247268262953856e+00
8.317317317317316494e-01 3.393801974627955520e+00
8.322322322322321941e-01 2.223793508620654613e+00
8.327327327327327389e-01 3.563042178873043753e+00
8.332332332332331726e-01 3.342647182163393182e+00
8.337337337337337173e-01 3.147830940409881872e+00
8.342342342342341510e-01 2.619556947518498546e+00
8.347347347347346957e-01 2.919325062240899715e+00
8.352352352352352405e-01 3.262706986957916389e+00
8.357357357357356742e-01 3.195805650756444738e+00
8.362362362362362189e-01 3.411640424289050788e+00
8.367367367367366526e-01 2.998720594037297182e+00
8.372372372372371974e-01 3.472309935572972517e+00
8.377377377377377421e-01 3.142591638246200247e+00
8.382382382382381758e-01 3.317762814043566877e+00
8.387387387387387205e-01 2.990541316415664230e+00
8.392392392392391542e-01 2.973308051267460339e+00
8.397397397397396990e-01 2.777219439018197900e+00
8.402402402402402437e-01 3.043526542006976143e+00
8.407407407407406774e-01 2.493454204265852514e+00
8.412412412412412221e-01 3.200356734000379344e+00
8.417417417417416559e-01 2.949612951775340886e+00
8.422422422422422006e-01 2.648257001523716347e+00
8.427427427427427453e-01 3.026077163033871198e+00
8.432432432432431790e-01 3.386197850891756733e+00
8.437437437437437238e-01 3.244949552592760966e+00
8.442442442442441575e-01 2.872367772926655238e+00
8.447447447447447022e-01 2.874291000791620920e+00
8.452452452452452469e-01 3.794084057788418729e+00
8.457457457457456806e-01 3.346819171857212449e+00
8.462462462462462254e-01 2.974039639015589653e+00
8.467467467467466591e-01 2.856645513009215875e+00
8.472472472472472038e-01 3.144540741028909459e+00
8.477477477477477485e-01 3.010412312974776849e+00
8.482482482482482933e-01 3.214013449163831915e+00
8.487487487487487270e-01 3.601250087211226525e+00
8.492492492492491607e-01 2.326448357021834834e+00
8.497497497497497054e-01 2.625236956852918802e+00
8.502502502502502502e-01 3.777243285500538228e+00
8.507507507507507949e-01 3.239894011175771471e+00
8.512512512512512286e-01 3.403736054164016700e+00
8.517517517517516623e-01 3.210087319805037254e+00
8.522522522522522070e-01 3.626337538549365469e+00
8.527527527527527518e-01 3.734603718411900974e+00
8.532532532532532965e-01 2.618179364799780640e+00
8.537537537537537302e-01 2.925660794332301862e+00
8.542542542542541639e-01 2.707768711039193033e+00
8.547547547547547087e-01 2.402791640493932679e+00
8.552552552552552534e-01 2.911573302595363177e+00
8.557557557557557981e-01 2.738862582754884922e+00
8.562562562562562318e-01 3.164998908762784335e+00
8.567567567567566655e-01 2.581885449622133955e+00
8.572572572572572103e-01 2.765033368202903574e+00
8.577577577577577550e-01 2.659517341000523949e+00
8.582582582582582997e-01 3.141917862650894122e+00
8.587587587587587334e-01 2.402109161474228927e+00
8.592592592592591672e-01 2.786208351812064610e+00
8.597597597597597119e-01 3.272441087685953320e+00
8.602602602602602566e-01 2.469595340759448643e+00
8.607607607607608013e-01 3.474796005881777283e+00
8.612612612612612351e-01 2.968792202142943815e+00
8.617617617617616688e-01 3.008710275600206430e+00
8.622622622622622135e-01 2.908938396462263931e+00
8.627627627627627582e-01 3.047559701947649913e+00
8.632632632632633030e-01 3.038694930093670976e+00
8.637637637637637367e-01 3.136426390009279253e+00
8.642642642642641704e-01 3.110704067743538470e+00
8.647647647647647151e-01 2.433871512226044587e+00
8.652652652652652598e-01 2.770594168070934060e+00
8.657657657657658046e-01 2.683917952715245026e+00
8.662662662662662383e-01 3.069152817099858321e+00
8.667667667667666720e-01 3.147909200141787434e+00
8.672672672672672167e-01 3.139614758516720450e+00
8.677677677677677615e-01 2.209724641471809026e+00
8.682682682682683062e-01 3.131108089286102736e+00
8.687687687687687399e-01 2.998159191716325722e+00
8.692692692692691736e-01 2.589852699232650934e+00
8.697697697697697183e-01 2.966987494857630914e+00
8.702702702702702631e-01 2.622490807516192568e+00
8.707707707707708078e-01 2.844855910321146819e+00
8.712712712712712415e-01 2.966333361258285617e+00
8.717717717717716752e-01 3.396418296664204028e+00
8.722722722722722200e-01 3.309993049154904554e+00
8.727727727727727647e-01 3.074076931454171824e+00
8.732732732732733094e-01 2.244649001861630300e+00
8.737737737737737431e-01 2.995907934499296044e+00
8.742742742742741768e-01 3.752478855797011903e+00
8.747747747747747216e-01 3.520335055703961213e+00
8.752752752752752663e-01 2.499926512749090612e+00
8.757757757757758110e-01 2.999783230940852974e+00
8.762762762762762447e-01 2.835520974522127702e+00
8.767767767767766784e-01 2.538731769842738739e+00
8.772772772772772232e-01 2.859988350366360788e+00
8.777777777777777679e-01 2.656107556884677923e+00
8.782782782782783126e-01 2.836659199523281050e+00
8.787787787787787464e-01 2.838978724792891040e+00
8.792792792792791801e-01 2.655807449410325205e+00
8.797797797797797248e-01 2.713092227784781763e+00
8.802802802802802695e-01 2.768454161526008761e+00
8.807807807807808143e-01 2.700471955128633805e+00
8.812812812812812480e-01 2.526106491327353432e+00
8.817817817817816817e-01 2.463798014687472282e+00
8.822822822822822264e-01 2.893974287129278622e+00
8.827827827827827711e-01 2.683573345332124216e+00
8.832832832832833159e-01 2.979330567305306765e+00
8.837837837837837496e-01 2.890475749840639708e+00
8.842842842842841833e-01 3.424175872823770561e+00
8.847847847847847280e-01 2.743151875444263421e+00
8.852852852852852727e-01 3.106070019951636674e+00
8.857857857857858175e-01 2.906085889047519633e+00
8.862862862862862512e-01 3.176323403038134874e+00
8.867867867867866849e-01 2.845359419578087135e+00
8.872872872872872296e-01 2.990745717931529768e+00
8.877877877877877744e-01 2.787490140151870577e+00
8.882882882882883191e-01 2.820437812696841018e+00
8.887887887887887528e-01 2.650876812596121734e+00
8.892892892892891865e-01 2.953294992960249221e+00
8.897897897897897312e-01 3.151464388210435175e+00
8.902902902902902760e-01 2.673740113693477749e+00
8.907907907907908207e-01 2.984740116881784644e+00
8.912912912912912544e-01 3.318233806554846232e+00
8.917917917917916881e-01 2.478320972286172985e+00
8.922922922922922329e-01 2.950311986018128607e+00
8.927927927927927776e-01 2.665512567257624532e+00
8.932932932932933223e-01 2.740087120430965584e+00
8.937937937937937560e-01 2.633026208910732802e+00
8.942942942942941897e-01 2.809951927340530453e+00
8.947947947947947345e-01 2.800303439039844910e+00
8.952952952952952792e-01 2.701145230519103713e+00
8.957957957957958239e-01 3.283450014309174048e+00
8.962962962962962576e-01 2.844253857302010413e+00
8.967967967967966914e-01 3.328791667349257466e+00
8.972972972972972361e-01 3.206807545040815111e+00
8.977977977977977808e-01 2.210166026690795427e+00
8.982982982982983255e-01 3.367358252429814236e+00
8.987987987987987593e-01 2.241610743412031592e+00
8.992992992992991930e-01 2.907551824016187947e+00
8.997997997997997377e-01 3.233462673779651020e+00
9.003003003003002824e-01 2.988127186352857123e+00
9.008008008008008272e-01 2.695413387465062094e+00
9.013013013013012609e-01 3.214365903568649596e+00
9.018018018018016946e-01 3.570646628062557504e+00
9.023023023023022393e-01 3.235152599613438706e+00
9.028028028028027840e-01 2.642263967876128383e+00
9.033033033033033288e-01 2.688542699716000683e+00
9.038038038038037625e-01 2.919287661295787650e+00
9.043043043043043072e-01 2.746501416086670755e+00
9.048048048048047409e-01 2.964166279407912441e+00
9.053053053053052857e-01 3.038372482414288367e+00
9.058058058058058304e-01 2.705169580848738153e+00
9.063063063063062641e-01 2.853776798695430106e+00
9.068068068068068088e-01 2.942397169127359380e+00
9.073073073073072425e-01 2.912736879058249073e+00
9.078078078078077873e-01 3.390621014899147134e+00
9.083083083083083320e-01 2.856470856334334840e+00
9.088088088088087657e-01 3.048977453002621019e+00
9.093093093093093104e-01 2.842968544571617073e+00
9.098098098098097442e-01 3.002791309185746549e+00
9.103103103103102889e-01 3.034412116526141734e+00
9.108108108108108336e-01 2.279866106843364548e+00
9.113113113113112673e-01 2.572943240682770583e+00
9.118118118118118121e-01 3.022793306267730351e+00
9.123123123123122458e-01 2.970151314769147177e+00
9.128128128128127905e-01 2.711934336926515421e+00
9.133133133133133352e-01 3.382823075385617884e+00
9.138138138138137689e-01 2.888825872570418785e+00
9.143143143143143137e-01 2.807970631124800942e+00
9.148148148148147474e-01 2.290849791973457172e+00
9.153153153153152921e-01 2.740719529856595393e+00
9.158158158158158368e-01 2.701424579057861042e+00
9.163163163163162706e-01 3.403257969715640652e+00
9.168168168168168153e-01 2.462287063937534715e+00
9.173173173173172490e-01 2.945904087616308509e+00
9.178178178178177937e-01 2.588274277970678661e+00
9.183183183183183385e-01 3.182254655561405077e+00
9.188188188188187722e-01 2.525027246003372028e+00
9.193193193193193169e-01 2.177023984382318922e+00
9.198198198198197506e-01 2.422580924857677065e+00
9.203203203203202953e-01 2.045084050331897885e+00
9.208208208208208401e-01 2.734240050320822402e+00
9.213213213213212738e-01 2.891365167945857184e+00
9.218218218218218185e-01 3.466652489687479743e+00
9.223223223223222522e-01 2.267134467487834648e+00
9.228228228228227970e-01 2.836632921233449789e+00
9.233233233233233417e-01 2.610040808307055205e+00
9.238238238238237754e-01 2.113711360607509526e+00
9.243243243243243201e-01 2.886162746387611833e+00
9.248248248248247538e-01 2.639757760099210593e+00
9.253253253253252986e-01 2.864146529923078610e+00
9.258258258258258433e-01 2.892607189987561167e+00
9.263263263263262770e-01 2.946803041475315244e+00
9.268268268268268217e-01 2.476986270745640262e+00
9.273273273273272554e-01 2.352137456318062814e+00
9.278278278278278002e-01 2.620605960842917970e+00
9.283283283283283449e-01 2.831407055968000019e+00
9.288288288288287786e-01 2.457240664150115439e+00
9.293293293293293234e-01 1.979020804426602886e+00
9.298298298298297571e-01 2.566958866564791553e+00
9.303303303303303018e-01 2.608565681360457855e+00
9.308308308308308465e-01 2.251760031125622952e+00
9.313313313313312802e-01 3.273454664754058996e+00
9.318318318318318250e-01 2.515735943174392197e+00
9.323323323323322587e-01 2.587736042056847374e+00
9.328328328328328034e-01 2.536759152772724235e+00
9.333333333333333481e-01 2.840976636696812552e+00
9.338338338338337818e-01 2.556189003084409883e+00
9.343343343343343266e-01 3.117470348253817303e+00
9.348348348348347603e-01 3.058099232360107500e+00
9.353353353353353050e-01 2.721074173722448197e+00
9.358358358358358497e-01 2.926310773073793836e+00
9.363363363363362835e-01 1.897345577123501936e+00
9.368368368368368282e-01 2.670420456784930341e+00
9.373373373373372619e-01 2.369209362152709719e+00
9.378378378378378066e-01 2.602416375787021341e+00
9.383383383383383514e-01 2.717279184131427883e+00
9.388388388388388961e-01 2.181032867166962319e+00
9.393393393393393298e-01 2.597824198999600931e+00
9.398398398398397635e-01 2.238467022981134757e+00
9.403403403403403082e-01 2.617924399536815105e+00
9.408408408408408530e-01 1.993854688974319833e+00
9.413413413413413977e-01 2.173397817679584065e+00
9.418418418418418314e-01 2.906491020359989630e+00
9.423423423423422651e-01 3.083343942499324086e+00
9.428428428428428099e-01 2.823271735614476086e+00
9.433433433433433546e-01 2.004135904833143300e+00
9.438438438438438993e-01 2.365049927173830557e+00
9.443443443443443330e-01 2.797142378478821634e+00
9.448448448448447667e-01 2.507475163961116138e+00
9.453453453453453115e-01 2.203955308102857558e+00
9.458458458458458562e-01 2.241098031304619376e+00
9.463463463463464009e-01 2.679662488599933390e+00
9.468468468468468346e-01 2.448185075363420005e+00
9.473473473473472684e-01 2.426305398636188659e+00
9.478478478478478131e-01 2.437800834225448465e+00
9.483483483483483578e-01 2.464412501725690152e+00
9.488488488488489025e-01 2.333249500327819081e+00
9.493493493493493363e-01 2.389908607831923604e+00
9.498498498498497700e-01 2.160853194065495142e+00
9.503503503503503147e-01 2.910945374178314005e+00
9.508508508508508594e-01 2.264062940247503875e+00
9.513513513513514042e-01 2.588207785754554457e+00
9.518518518518518379e-01 3.163791688610164687e+00
9.523523523523522716e-01 2.394319263108791507e+00
9.528528528528528163e-01 2.260141781401133532e+00
9.533533533533533610e-01 2.864150540752728791e+00
9.538538538538539058e-01 2.281966938117367949e+00
9.543543543543543395e-01 2.343193509653895390e+00
9.548548548548547732e-01 2.638721845338122041e+00
9.553553553553553179e-01 1.808155138239494697e+00
9.558558558558558627e-01 2.621955759554934318e+00
9.563563563563564074e-01 2.261798978639514957e+00
9.568568568568568411e-01 2.147937514248953406e+00
9.573573573573572748e-01 2.644054189486266360e+00
9.578578578578578195e-01 1.888311633201475326e+00
9.583583583583583643e-01 1.892666813800585546e+00
9.588588588588589090e-01 2.870966432971309601e+00
9.593593593593593427e-01 1.978552950550035217e+00
9.598598598598597764e-01 2.647689395378786781e+00
9.603603603603603212e-01 2.085760169603141811e+00
9.608608608608608659e-01 2.710997704553177901e+00
9.613613613613614106e-01 3.044666751607832733e+00
9.618618618618618443e-01 1.879261924395503547e+00
9.623623623623622780e-01 2.571155915357659527e+00
9.628628628628628228e-01 2.244448045132388714e+00
9.633633633633633675e-01 2.458877155875716092e+00
9.638638638638639122e-01 2.453343637396296018e+00
9.643643643643643459e-01 2.857462974964019242e+00
9.648648648648647796e-01 2.429162876494356027e+00
9.653653653653653244e-01 2.224020062212233473e+00
9.658658658658658691e-01 1.952051994076916985e+00
9.663663663663664138e-01 1.994985194527295835e+00
9.668668668668668476e-01 2.447369089192387825e+00
9.673673673673672813e-01 2.158788565167718776e+00
9.678678678678678260e-01 1.798981090262369520e+00
9.683683683683683707e-01 2.195924389195380577e+00
9.688688688688689155e-01 2.051147126180222990e+00
9.693693693693693492e-01 1.946318087309805378e+00
9.698698698698697829e-01 2.414255171971154468e+00
9.703703703703703276e-01 2.053963516836620595e+00
9.708708708708708723e-01 2.064615578846202837e+00
9.713713713713714171e-01 2.198217323827638126e+00
9.718718718718718508e-01 1.634964719277159251e+00
9.723723723723722845e-01 2.467574438503128853e+00
9.728728728728728292e-01 1.962732967652116134e+00
9.733733733733733740e-01 2.521308754358670523e+00
9.738738738738739187e-01 2.133719018212851370e+00
9.743743743743743524e-01 2.226060536300923154e+00
9.748748748748747861e-01 1.947631529552585228e+00
9.753753753753753308e-01 1.962835462089201233e+00
9.758758758758758756e-01 2.219791129427649778e+00
9.763763763763764203e-01 1.570891000022308637e+00
9.768768768768768540e-01 2.545786575696104670e+00
9.773773773773772877e-01 2.221053542644837453e+00
9.778778778778778324e-01 1.857415254944519756e+00
9.783783783783783772e-01 2.377034835777610766e+00
9.788788788788789219e-01 2.186420806756004254e+00
9.793793793793793556e-01 2.390091941860631231e+00
9.798798798798797893e-01 2.024775614099679100e+00
9.803803803803803341e-01 2.471242908420442586e+00
9.808808808808808788e-01 2.658076650234188154e+00
9.813813813813814235e-01 1.505566365962314634e+00
9.818818818818818572e-01 2.155352997648831703e+00
9.823823823823822909e-01 2.492202431740524915e+00
9.828828828828828357e-01 2.007896346434285828e+00
9.833833833833833804e-01 2.451714093182226328e+00
9.838838838838839251e-01 1.822368612490809170e+00
9.843843843843843588e-01 2.382417013067489542e+00
9.848848848848847926e-01 2.187191039139267268e+00
9.853853853853853373e-01 1.852807283526484827e+00
9.858858858858858820e-01 2.335425372273727262e+00
9.863863863863864268e-01 1.395447383511887463e+00
9.868868868868868605e-01 2.126644481143941334e+00
9.873873873873872942e-01 2.079152263159392167e+00
9.878878878878878389e-01 1.314396064201433845e+00
9.883883883883883836e-01 1.984722980004958615e+00
9.888888888888889284e-01 1.522005833864781943e+00
9.893893893893893621e-01 2.034517281941411682e+00
9.898898898898897958e-01 1.833684704869504634e+00
9.903903903903903405e-01 2.276091482078299588e+00
9.908908908908908852e-01 1.805731487717957551e+00
9.913913913913914300e-01 1.732828667603788064e+00
9.918918918918918637e-01 2.121618971358782524e+00
9.923923923923922974e-01 2.127346553640987015e+00
9.928928928928928421e-01 2.139741227994003125e+00
9.933933933933933869e-01 2.546074065266478836e+00
9.938938938938939316e-01 1.560600552388624163e+00
9.943943943943943653e-01 1.752392038662503593e+00
9.948948948948947990e-01 1.655263691649819346e+00
9.953953953953953437e-01 2.074791786217809353e+00
9.958958958958958885e-01 2.107502089127415434e+00
9.963963963963964332e-01 1.707503179592286369e+00
9.968968968968968669e-01 9.278922040148692707e-01
9.973973973973973006e-01 1.660318198730033945e+00
9.978978978978978454e-01 2.321238568243476852e+00
9.983983983983983901e-01 1.939218631871883813e+00
9.988988988988989348e-01 2.400769170073241199e+00
9.993993993993993685e-01 1.349947384319646115e+00
9.998998998998998022e-01 1.973371787517921749e+00
1.000400400400400347e+00 1.237874742746184697e+00
1.000900900900900892e+00 2.052769649270422825e+00
1.001401401401401436e+00 1.882817643665141594e+00
1.001901901901901759e+00 1.952986281445162398e+00
1.002402402402402304e+00 1.458197829562121406e+00
1.002902902902902849e+00 1.760634269238448235e+00
1.003403403403403393e+00 1.467961924019219211e+00
1.003903903903903938e+00 1.275801316441230959e+00
1.004404404404404261e+00 1.413272720375662761e+00
1.004904904904904805e+00 1.963678134641913431e+00
1.005405405405405350e+00 1.054507748484767582e+00
1.005905905905905895e+00 2.021695759041664431e+00
1.006406406406406440e+00 1.186111719818902399e+00
1.006906906906906762e+00 1.742941557865453017e+00
1.007407407407407307e+00 1.820129294213550519e+00
1.007907907907907852e+00 1.134869785524517116e+00
1.008408408408408397e+00 1.022304047963945139e+00
1.008908908908908941e+00 1.715941934948134184e+00
1.009409409409409264e+00 1.818740286756769464e+00
1.009909909909909809e+00 1.533533510314768700e+00
1.010410410410410353e+00 1.696198817456642471e+00
1.010910910910910898e+00 1.635329106095239515e+00
1.011411411411411443e+00 1.288471988594968254e+00
1.011911911911911766e+00 1.592683657859446766e+00
1.012412412412412310e+00 1.868750836999017784e+00
1.012912912912912855e+00 2.107297847735017271e+00
1.013413413413413400e+00 2.072050864456692398e+00
1.013913913913913944e+00 2.017603165761443940e+00
1.014414414414414267e+00 1.499561783025453732e+00
1.014914914914914812e+00 7.447661848303507304e-01
1.015415415415415357e+00 1.451847255473865062e+00
1.015915915915915901e+00 2.284459832807605562e+00
1.016416416416416446e+00 1.765255192431889775e+00
1.016916916916916769e+00 1.520317807845471547e+00
1.017417417417417314e+00 1.554052359761021185e+00
1.017917917917917858e+00 1.187167910109469426e+00
1.018418418418418403e+00 1.161351022171582592e+00
1.018918918918918948e+00 1.306966890466636944e+00
1.019419419419419270e+00 1.199028104794272354e+00
1.019919919919919815e+00 1.628552441448048560e+00
1.020420420420420360e+00 1.386544038961209369e+00
1.020920920920920905e+00 1.216015197089946653e+00
1.021421421421421449e+00 1.740663375910877608e+00
1.021921921921921772e+00 1.277373296888407506e+00
1.022422422422422317e+00 1.010263608651609468e+00
1.022922922922922861e+00 6.361126859921248933e-01
1.023423423423423406e+00 1.438111850070701525e+00
1.023923923923923951e+00 1.632824437236199078e+00
1.024424424424424274e+00 1.365183368043368262e+00
1.024924924924924818e+00 1.493727754669976981e+00
1.025425425425425363e+00 1.840275534859483253e+00
1.025925925925925908e+00 1.479958117777150584e+00
1.026426426426426453e+00 1.537554988801645761e+00
1.026926926926926775e+00 1.457650431404089897e+00
1.027427427427427320e+00 1.020046114042486796e+00
1.027927927927927865e+00 1.118735815247729803e+00
1.028428428428428409e+00 1.353563134663478440e+00
1.028928928928928954e+00 1.483735186711121035e+00
1.029429429429429277e+00 9.426605835717594140e-01
1.029929929929929822e+00 1.634382923686303224e+00
1.030430430430430366e+00 1.835548802607994912e+00
1.030930930930930911e+00 1.361200694324177451e+00
1.031431431431431456e+00 1.400644065317123266e+00
1.031931931931931778e+00 1.537642260598200750e+00
1.032432432432432545e+00 1.346584478485710390e+00
1.032932932932932868e+00 7.906111436335907516e-01
1.033433433433433413e+00 1.100165857489634913e+00
1.033933933933933957e+00 9.068534108415748918e-01
1.034434434434434280e+00 1.515098505672580531e+00
1.034934934934935047e+00 1.285214270570594230e+00
1.035435435435435370e+00 1.247223963586187256e+00
1.035935935935935914e+00 1.057940047407771367e+00
1.036436436436436459e+00 1.623496363962929401e+00
1.036936936936936782e+00 9.266975930179710552e-01
1.037437437437437548e+00 1.346021087565706154e+00
1.037937937937937871e+00 1.449695874311831112e+00
1.038438438438438416e+00 1.284814669481850968e+00
1.038938938938938961e+00 9.529115491303061791e-01
1.039439439439439283e+00 1.130540870438881740e+00
1.039939939939940050e+00 1.273936998804814147e+00
1.040440440440440373e+00 8.801143115700080788e-01
1.040940940940940918e+00 1.677460226581471092e+00
1.041441441441441462e+00 1.229822065179046131e+00
1.041941941941941785e+00 6.201211639932957542e-01
1.042442442442442552e+00 9.888319646954840669e-01
1.042942942942942874e+00 1.185663451672021695e+00
1.043443443443443419e+00 7.322226019708304445e-01
1.043943943943943964e+00 9.498517299339950259e-01
1.044444444444444287e+00 9.342469071038930206e-01
1.044944944944945053e+00 1.194121930778336838e+00
1.045445445445445376e+00 1.188051927963523768e+00
1.045945945945945921e+00 9.476367565673606830e-01
1.046446446446446465e+00 1.038129003914572968e+00
1.046946946946946788e+00 5.820771738507855009e-01
1.047447447447447555e+00 5.628723771175134782e-01
1.047947947947947878e+00 1.154912139620682954e+00
1.048448448448448422e+00 8.150258573211803803e-01
1.048948948948948967e+00 7.442361532967263216e-01
1.049449449449449290e+00 1.271231539596423765e+00
1.049949949949950057e+00 7.670162846051570282e-01
1.050450450450450379e+00 6.317360332472856665e-01
1.050950950950950924e+00 1.062113616690677276e+00
1.051451451451451469e+00 6.455850778496821096e-01
1.051951951951951791e+00 8.055781104053012509e-01
1.052452452452452558e+00 5.224936802629369659e-01
1.052952952952952881e+00 8.743991621918920654e-01
1.053453453453453426e+00 1.161963062465472429e+00
1.053953953953953970e+00 8.529010009345359133e-01
1.054454454454454293e+00 1.062431802319531604e+00
1.054954954954955060e+00 7.973910293940634775e-01
1.055455455455455382e+00 1.354701873196936690e+00
1.055955955955955927e+00 6.490448067812103483e-01
1.056456456456456472e+00 1.099450182603169512e+00
1.056956956956956795e+00 1.153482507710037908e+00
1.057457457457457561e+00 1.663485418409558214e-01
1.057957957957957884e+00 8.591045979386412457e-01
1.058458458458458429e+00 8.689477791698394515e-01
1.058958958958958974e+00 4.922851606070796637e-01
1.059459459459459296e+00 9.757810960804538247e-01
1.059959959959960063e+00 8.671606661360590218e-01
1.060460460460460386e+00 3.391134103987801240e-01
1.060960960960960930e+00 3.959630162080901017e-01
1.061461461461461475e+00 9.741189239395087185e-01
1.061961961961961798e+00 6.930564380272269398e-01
1.062462462462462565e+00 1.272038820058601472e+00
1.062962962962962887e+00 3.585118346946501444e-01
1.063463463463463432e+00 3.524895286381236059e-01
1.063963963963963977e+00 5.312330653617602927e-01
1.064464464464464299e+00 8.452314999473690138e-01
1.064964964964965066e+00 8.750644551243479397e-01
1.065465465465465389e+00 3.295445154315526093e-01
1.065965965965965934e+00 4.556516372108159185e-01
1.066466466466466478e+00 8.090427056245341753e-01
1.066966966966967023e+00 1.306742170609259901e+00
1.067467467467467568e+00 1.123146366369171201e+00
1.067967967967967891e+00 2.810671991435649830e-01
1.068468468468468435e+00 3.576409968133312800e-01
1.068968968968968980e+00 8.256676627054991835e-01
1.069469469469469525e+00 4.715844098618815483e-01
1.069969969969970069e+00 4.754068824405529581e-01
1.070470470470470392e+00 3.659011733735966221e-01
1.070970970970970937e+00 8.349476861404998562e-01
1.071471471471471482e+00 4.168676104442819996e-01
1.071971971971972026e+00 3.685260499989774785e-01
1.072472472472472571e+00 8.987119115424793137e-01
1.072972972972972894e+00 3.929324828779002243e-01
1.073473473473473438e+00 5.157855340047424741e-01
1.073973973973973983e+00 4.316959073949716563e-01
1.074474474474474528e+00 5.396106901205687256e-01
1.074974974974975073e+00 4.146981455882534084e-01
1.075475475475475395e+00 4.371871308965698533e-01
1.075975975975975940e+00 6.979140121652571693e-01
1.076476476476476485e+00 2.492304504251217079e-01
1.076976976976977030e+00 -6.559721196679252353e-02
1.077477477477477574e+00 3.152691963372618034e-01
1.077977977977977897e+00 6.817597054373379928e-01
1.078478478478478442e+00 1.163514988926058202e-01
1.078978978978978986e+00 1.032425061848275538e+00
1.079479479479479531e+00 3.398077821346187077e-01
1.079979979979980076e+00 -2.791773769835009800e-02
1.080480480480480399e+00 4.324684957404706376e-01
1.080980980980980943e+00 4.716963886706415088e-01
1.081481481481481488e+00 4.158567462923695168e-01
1.081981981981982033e+00 -8.490703642050206890e-02
1.082482482482482578e+00 5.432470080685215530e-01
1.082982982982982900e+00 8.888847954541492236e-01
1.083483483483483445e+00 4.713603388802239946e-02
1.083983983983983990e+00 3.086912067653033720e-01
1.084484484484484534e+00 6.416216958611405952e-01
1.084984984984985079e+00 -6.302551938711797863e-02
1.085485485485485402e+00 3.934803011613566270e-02
1.085985985985985947e+00 4.327187011961385332e-01
1.086486486486486491e+00 -2.796014392726591247e-01
1.086986986986987036e+00 3.680157553723109043e-01
1.087487487487487581e+00 4.409454085830026848e-01
1.087987987987987903e+00 6.350381917616534366e-01
1.088488488488488448e+00 2.559066541325500377e-01
1.088988988988988993e+00 4.196759481512600254e-01
1.089489489489489538e+00 5.235464528483154689e-01
1.089989989989990082e+00 5.787888529838147722e-01
1.090490490490490405e+00 2.200059456776404798e-01
1.090990990990990950e+00 3.440950392607035058e-01
1.091491491491491495e+00 -1.054216594030454868e-02
1.091991991991992039e+00 2.128287804616619816e-01
1.092492492492492584e+00 3.940560945943841764e-01
1.092992992992992907e+00 -3.593329088444598973e-01
1.093493493493493451e+00 6.482777910371811947e-02
1.093993993993993996e+00 -6.595257809637052882e-01
1.094494494494494541e+00 8.003432956995687464e-02
1.094994994994995086e+00 2.377310603792363863e-02
1.095495495495495408e+00 -1.144534205991171866e-01
1.095995995995995953e+00 2.441284056478504327e-01
1.096496496496496498e+00 2.386535949458493122e-03
1.096996996996997042e+00 -4.103554928822297221e-01
1.097497497497497587e+00 3.311755255254881236e-01
1.097997997997997910e+00 -1.703431748385206002e-01
1.098498498498498455e+00 -2.204878771017631522e-01
1.098998998998998999e+00 -7.011877502801081019e-02
1.099499499499499544e+00 3.079753608980936308e-01
1.100000000000000089e+00 2.169845655593265893e-02
